0 0.350000 0.235937 0.062500 0.231250
0 0.251563 0.769531 0.062500 0.060937
0 0.240625 0.554688 0.051562 0.034375
0 0.150781 0.141406 0.053125 0.095312
0 0.428906 0.610156 0.034375 0.262500
0 0.488281 0.455469 0.028125 0.237500
0 0.491406 0.711719 0.037500 0.085938
0 0.548438 0.791406 0.029687 0.278125
0 0.546094 0.389062 0.031250 0.159375
0 0.610938 0.357031 0.043750 0.101562
0 0.605469 0.192969 0.031250 0.076563
0 0.609375 0.498437 0.032813 0.037500
0 0.612500 0.818750 0.037500 0.196875
0 0.691406 0.270313 0.031250 0.065625
0 0.780469 0.452344 0.031250 0.465625
