0 0.650000 0.764062 0.062500 0.231250
0 0.748437 0.230469 0.062500 0.060937
0 0.759375 0.445312 0.051562 0.034375
0 0.849219 0.858594 0.053125 0.095312
0 0.571094 0.389844 0.034375 0.262500
0 0.511719 0.544531 0.028125 0.237500
0 0.508594 0.288281 0.037500 0.085938
0 0.451562 0.208594 0.029687 0.278125
0 0.453906 0.610938 0.031250 0.159375
0 0.389062 0.642969 0.043750 0.101562
0 0.394531 0.807031 0.031250 0.076563
0 0.390625 0.501563 0.032813 0.037500
0 0.387500 0.181250 0.037500 0.196875
0 0.308594 0.729688 0.031250 0.065625
0 0.219531 0.547656 0.031250 0.465625
