0 0.235937 0.650000 0.230469 0.061719
0 0.769531 0.748437 0.060937 0.063281
0 0.554688 0.759375 0.035156 0.051562
0 0.141406 0.849219 0.095312 0.053906
0 0.610156 0.571094 0.261719 0.033594
0 0.455469 0.511719 0.237500 0.028125
0 0.711719 0.508594 0.085938 0.036719
0 0.791406 0.451562 0.278125 0.029687
0 0.389062 0.453906 0.158594 0.032031
0 0.357031 0.389062 0.101562 0.043750
0 0.192969 0.394531 0.076563 0.031250
0 0.498437 0.390625 0.038281 0.032813
0 0.818750 0.387500 0.196094 0.037500
0 0.270313 0.308594 0.066406 0.030469
0 0.452344 0.219531 0.464844 0.032031
