0 0.458594 0.853906 0.035156 0.051562
0 0.931250 0.709375 0.091406 0.033594
0 0.721875 0.704688 0.045312 0.027344
0 0.149219 0.699219 0.062500 0.035156
0 0.447656 0.629687 0.190625 0.050000
0 0.635938 0.634375 0.060937 0.040625
0 0.846094 0.635156 0.153906 0.051562
0 0.353906 0.556250 0.061719 0.035937
0 0.310937 0.457813 0.195312 0.025000
0 0.431250 0.333594 0.102344 0.029687
0 0.702344 0.335156 0.058594 0.027344
0 0.887500 0.253125 0.070312 0.027344
0 0.731250 0.222656 0.392969 0.037500
0 0.341406 0.139844 0.047656 0.040625
0 0.951562 0.457031 0.080469 0.016406
