0 0.563702 0.853365 0.098558 0.153846
0 0.360577 0.572115 0.105769 0.120192
0 0.258413 0.361779 0.125000 0.141827
0 0.338942 0.407452 0.091346 0.120192
0 0.528846 0.500000 0.096154 0.125000
0 0.460337 0.463942 0.072115 0.110577
0 0.710337 0.591346 0.072115 0.110577
0 0.882212 0.513221 0.076923 0.110577
0 0.549279 0.341346 0.112981 0.141827
0 0.332933 0.231971 0.105769 0.129808
0 0.393029 0.087740 0.105769 0.134615
0 0.570913 0.176683 0.098558 0.127404
0 0.772837 0.112981 0.064904 0.076923
0 0.671875 0.062500 0.084135 0.084135
0 0.520433 0.013221 0.069712 0.026442
