0 0.734375 0.695913 0.088942 0.139423
0 0.420673 0.667067 0.096154 0.108173
0 0.215144 0.612981 0.112981 0.127404
0 0.294471 0.584135 0.084135 0.110577
0 0.472356 0.508413 0.086538 0.112981
0 0.407452 0.534856 0.064904 0.100962
0 0.643029 0.437500 0.064904 0.100962
0 0.932692 0.326923 0.081731 0.105769
0 0.692308 0.274038 0.067308 0.100962
0 0.373798 0.400240 0.103365 0.129808
0 0.170673 0.483173 0.093750 0.117788
0 0.106971 0.355769 0.093750 0.122596
0 0.274038 0.286058 0.088942 0.117788
0 0.775240 0.068510 0.088942 0.115385
0 0.341346 0.090144 0.074519 0.108173
0 0.246394 0.126202 0.096154 0.122596
0 0.104567 0.186298 0.086538 0.115385
0 0.021635 0.231971 0.043269 0.103365
