0 0.510817 0.828125 0.069712 0.146635
0 0.275240 0.606971 0.086538 0.105769
0 0.144231 0.433894 0.100962 0.125000
0 0.225962 0.460337 0.072115 0.110577
0 0.417067 0.512019 0.074519 0.112981
0 0.347356 0.491587 0.050481 0.103365
0 0.598558 0.562500 0.052885 0.103365
0 0.902644 0.655048 0.069712 0.105769
0 0.742788 0.461538 0.055288 0.103365
0 0.405048 0.362981 0.088942 0.127404
0 0.188702 0.301683 0.084135 0.117788
0 0.218750 0.158654 0.081731 0.122596
0 0.396635 0.206731 0.074519 0.117788
0 0.937500 0.347356 0.076923 0.115385
0 0.575721 0.092548 0.062500 0.110577
0 0.474760 0.060096 0.084135 0.120192
0 0.322115 0.038462 0.072115 0.076923
0 0.215144 0.024038 0.060096 0.048077
