0 0.291706 0.291313 0.074624 0.148230
0 0.353620 0.300455 0.079679 0.145677
0 0.609375 0.479567 0.048077 0.120192
0 0.647837 0.485577 0.055288 0.120192
0 0.451037 0.460763 0.129585 0.133697
0 0.937500 0.516827 0.045673 0.110577
0 0.280854 0.858877 0.068233 0.123523
0 0.330270 0.860986 0.060662 0.121544
0 0.375348 0.861411 0.051781 0.122157
0 0.022014 0.767110 0.044029 0.094901
0 0.063523 0.769302 0.060030 0.093244
0 0.077279 0.531308 0.056306 0.105731
0 0.028652 0.527250 0.057305 0.107056
0 0.004808 0.524038 0.009615 0.105769
