0 0.030469 0.247656 0.029687 0.060937
0 0.066406 0.247656 0.032813 0.060937
0 0.107031 0.247656 0.035937 0.064062
0 0.157812 0.247656 0.048438 0.062500
0 0.313281 0.246875 0.039062 0.060937
0 0.983594 0.242188 0.028125 0.059375
0 0.287500 0.313281 0.042188 0.059375
0 0.778906 0.375000 0.051562 0.064062
0 0.910156 0.376563 0.060937 0.062500
0 0.798438 0.450000 0.045312 0.079687
0 0.499219 0.454688 0.056250 0.067187
0 0.075000 0.377344 0.031250 0.056250
0 0.196875 0.377344 0.021875 0.059375
0 0.089063 0.450000 0.054688 0.065625
0 0.155469 0.450000 0.068750 0.067187
0 0.231250 0.450781 0.071875 0.065625
0 0.176563 0.604688 0.021875 0.084375
0 0.803125 0.615625 0.081250 0.089063
0 0.866406 0.616406 0.031250 0.090625
0 0.859375 0.690625 0.070312 0.050000
0 0.684375 0.745313 0.045312 0.064062
0 0.713281 0.846094 0.064062 0.117188
0 0.585156 0.838281 0.056250 0.118750
0 0.377344 0.831250 0.040625 0.114062
0 0.089844 0.821875 0.042188 0.110937
0 0.271875 0.826562 0.021875 0.120313
0 0.178906 0.733594 0.025000 0.059375
