0 0.097656 0.066406 0.028125 0.070312
0 0.128906 0.064844 0.035937 0.073438
0 0.160938 0.067969 0.029687 0.070312
0 0.079687 0.161719 0.043750 0.090625
0 0.082031 0.266406 0.039062 0.096875
0 0.011719 0.364063 0.023438 0.100000
0 0.505469 0.207813 0.050000 0.095312
0 0.721094 0.214844 0.039062 0.092188
0 0.761719 0.215625 0.037500 0.095312
0 0.447656 0.582812 0.042188 0.065625
0 0.215625 0.671875 0.125000 0.123438
0 0.614844 0.696875 0.060937 0.135937
0 0.664844 0.696875 0.042188 0.134375
0 0.671875 0.952344 0.043750 0.095312
0 0.703906 0.950781 0.026562 0.098437
