0 0.045312 0.175781 0.032813 0.076563
0 0.110156 0.261719 0.067187 0.082812
0 0.335938 0.025000 0.034375 0.050000
0 0.362500 0.159375 0.050000 0.057813
0 0.425000 0.232031 0.071875 0.075000
0 0.535937 0.316406 0.068750 0.073438
0 0.958594 0.302344 0.082812 0.089063
0 0.900781 0.650000 0.051562 0.078125
0 0.615625 0.612500 0.065625 0.081250
0 0.390625 0.592187 0.029687 0.062500
0 0.272656 0.574219 0.060937 0.073438
0 0.411719 0.678125 0.048438 0.071875
0 0.641406 0.700781 0.026562 0.079687
0 0.611719 0.696875 0.043750 0.084375
0 0.774219 0.716406 0.051562 0.085938
0 0.850781 0.727344 0.039062 0.081250
0 0.920312 0.824219 0.037500 0.070312
0 0.390625 0.756250 0.084375 0.081250
0 0.332813 0.748437 0.046875 0.081250
0 0.227344 0.735156 0.035937 0.076563
0 0.774219 0.966406 0.089063 0.067187
0 0.676562 0.962500 0.110937 0.064062
0 0.905469 0.901563 0.043750 0.071875
0 0.314063 0.666406 0.048438 0.076563
