0 0.252344 0.024219 0.060937 0.048438
0 0.028125 0.029687 0.025000 0.059375
0 0.064062 0.109375 0.043750 0.070312
0 0.294531 0.091406 0.021875 0.079687
0 0.264844 0.092188 0.039062 0.082812
0 0.421875 0.083594 0.034375 0.082812
0 0.057031 0.189062 0.079687 0.076563
0 0.009375 0.192188 0.018750 0.078125
0 0.374219 0.342969 0.107813 0.056250
0 0.406250 0.934375 0.065625 0.131250
0 0.489844 0.738281 0.048438 0.068750
0 0.590625 0.807813 0.037500 0.076563
0 0.551562 0.812500 0.042188 0.073438
0 0.753125 0.565625 0.034375 0.053125
