0 0.958594 0.293750 0.059375 0.071875
0 0.739062 0.260937 0.090625 0.076563
0 0.659375 0.244531 0.076563 0.081250
0 0.552344 0.223438 0.148438 0.098437
0 0.817187 0.357031 0.070312 0.100000
0 0.971875 0.473438 0.037500 0.071875
0 0.630469 0.428125 0.067187 0.098437
0 0.547656 0.414062 0.062500 0.100000
0 0.412500 0.475781 0.040625 0.067187
0 0.069531 0.592187 0.065625 0.092188
0 0.239844 0.707031 0.037500 0.057813
0 0.087500 0.923438 0.037500 0.073438
0 0.744531 0.850000 0.064062 0.065625
0 0.770312 0.923438 0.046875 0.076563
0 0.947656 0.809375 0.045312 0.081250
0 0.893750 0.665625 0.073438 0.054688
0 0.704688 0.975781 0.034375 0.048438
