0 0.412500 0.150000 0.053125 0.084375
0 0.007031 0.082812 0.014063 0.084375
0 0.335938 0.247656 0.031250 0.068750
0 0.467969 0.358594 0.093750 0.090625
0 0.352344 0.435937 0.045312 0.082812
0 0.201563 0.503125 0.034375 0.076563
0 0.895312 0.117188 0.060937 0.071875
0 0.902344 0.194531 0.057813 0.084375
0 0.606250 0.152344 0.065625 0.075000
0 0.881250 0.358594 0.093750 0.100000
0 0.943750 0.369531 0.045312 0.095312
0 0.925000 0.441406 0.076563 0.060937
0 0.743750 0.467969 0.054688 0.070312
0 0.756250 0.569531 0.081250 0.120313
0 0.631250 0.544531 0.073438 0.125000
0 0.007031 0.850000 0.014063 0.103125
