0 0.382031 0.254688 0.054688 0.068750
0 0.053906 0.139063 0.070312 0.073438
0 0.162500 0.219531 0.065625 0.065625
0 0.056250 0.330469 0.057813 0.065625
0 0.382812 0.384375 0.053125 0.075000
0 0.012500 0.387500 0.025000 0.065625
0 0.155469 0.474219 0.104688 0.070312
0 0.396094 0.494531 0.026562 0.029687
0 0.830469 0.538281 0.207813 0.057813
0 0.860938 0.606250 0.054688 0.090625
0 0.755469 0.591406 0.073438 0.093750
0 0.692969 0.582031 0.073438 0.093750
0 0.949219 0.796875 0.101562 0.087500
0 0.784375 0.772656 0.050000 0.075000
0 0.667969 0.968750 0.060937 0.062500
0 0.921875 0.941406 0.053125 0.065625
0 0.643750 0.750781 0.028125 0.076563
