0 0.923438 0.023438 0.118750 0.046875
0 0.488281 0.066406 0.039062 0.060937
0 0.751563 0.224219 0.064062 0.060937
0 0.885938 0.078906 0.035937 0.067187
0 0.350000 0.546094 0.051562 0.078125
0 0.064062 0.578906 0.065625 0.081250
0 0.110937 0.658594 0.026562 0.079687
0 0.081250 0.661719 0.043750 0.084375
0 0.242969 0.641406 0.051562 0.085938
0 0.320312 0.633594 0.039062 0.081250
0 0.411719 0.710938 0.037500 0.070312
0 0.304688 0.886719 0.089063 0.071875
0 0.207813 0.903906 0.110937 0.064062
0 0.415625 0.789844 0.043750 0.071875
