0 0.409375 0.229687 0.054688 0.085938
0 0.332031 0.357812 0.118750 0.062500
0 0.156250 0.551562 0.062500 0.034375
0 0.293750 0.422656 0.034375 0.067187
0 0.875781 0.342969 0.064062 0.239063
0 0.292969 0.746094 0.082812 0.070312
0 0.091406 0.775000 0.067187 0.054688
0 0.128906 0.960938 0.092188 0.078125
0 0.740625 0.762500 0.062500 0.057813
0 0.961719 0.803125 0.076563 0.078125
0 0.698438 0.831250 0.060937 0.075000
0 0.544531 0.847656 0.062500 0.075000
0 0.697656 0.929688 0.068750 0.104688
0 0.641406 0.939063 0.056250 0.098437
0 0.526563 0.946875 0.053125 0.106250
0 0.691406 0.609375 0.048438 0.071875
