0 0.393750 0.307031 0.085938 0.064062
0 0.480469 0.307031 0.076563 0.065625
0 0.578906 0.306250 0.114062 0.065625
0 0.681250 0.306250 0.082812 0.065625
0 0.764062 0.305469 0.073438 0.068750
0 0.184375 0.393750 0.046875 0.076563
0 0.496094 0.395313 0.039062 0.070312
0 0.635938 0.393750 0.067187 0.070312
0 0.771094 0.480469 0.079687 0.075000
0 0.197656 0.570312 0.035937 0.078125
0 0.266406 0.568750 0.098437 0.082812
0 0.430469 0.567187 0.054688 0.082812
0 0.364063 0.659375 0.065625 0.093750
0 0.117188 0.805469 0.043750 0.084375
0 0.243750 0.867969 0.053125 0.082812
0 0.040625 0.890625 0.053125 0.081250
0 0.552344 0.867188 0.023438 0.081250
