0 0.039062 0.045312 0.078125 0.090625
0 0.248438 0.161719 0.103125 0.107813
0 0.265625 0.347656 0.068750 0.092188
0 0.243750 0.534375 0.112500 0.103125
0 0.862500 0.009375 0.203125 0.018750
0 0.899219 0.063281 0.048438 0.087500
0 0.792969 0.057813 0.067187 0.089063
0 0.730469 0.053906 0.065625 0.089063
0 0.978125 0.245312 0.043750 0.078125
0 0.838281 0.235937 0.043750 0.071875
0 0.350000 0.038281 0.040625 0.076563
0 0.315625 0.036719 0.031250 0.073438
0 0.390625 0.289844 0.045312 0.079687
0 0.394531 0.360938 0.070312 0.060937
0 0.338281 0.358594 0.042188 0.060937
0 0.739844 0.453125 0.054688 0.081250
0 0.982812 0.392188 0.034375 0.062500
0 0.696094 0.225781 0.021875 0.075000
0 0.186719 0.839063 0.085938 0.110937
