0 0.032031 0.121094 0.043750 0.081250
0 0.096094 0.228125 0.023438 0.065625
0 0.056250 0.413281 0.035937 0.079687
0 0.198437 0.497656 0.026562 0.075000
0 0.122656 0.676562 0.245312 0.025000
0 0.677344 0.532813 0.037500 0.084375
0 0.530469 0.541406 0.025000 0.075000
0 0.763281 0.644531 0.039062 0.089063
0 0.675000 0.653906 0.021875 0.070312
0 0.502344 0.660937 0.026562 0.056250
0 0.799219 0.214844 0.023438 0.117188
0 0.264844 0.970313 0.023438 0.059375
0 0.145313 0.968750 0.056250 0.062500
0 0.502344 0.839844 0.070312 0.114062
0 0.341406 0.843750 0.045312 0.115625
0 0.718750 0.978906 0.106250 0.042188
0 0.687500 0.729688 0.062500 0.081250
0 0.562500 0.730469 0.065625 0.082812
0 0.901563 0.975000 0.062500 0.050000
