0 0.050781 0.142969 0.040625 0.087500
0 0.200781 0.218750 0.073438 0.098437
0 0.255469 0.212500 0.050000 0.098437
0 0.090625 0.526563 0.045312 0.082812
0 0.305469 0.496875 0.068750 0.089063
0 0.269531 0.428125 0.067187 0.070312
0 0.127344 0.446094 0.062500 0.070312
0 0.268750 0.362500 0.034375 0.067187
0 0.408594 0.342969 0.020313 0.067187
0 0.547656 0.050000 0.084375 0.089063
0 0.453906 0.152344 0.054688 0.076563
0 0.674219 0.124219 0.035937 0.073438
0 0.456250 0.228906 0.034375 0.076563
0 0.516406 0.366406 0.050000 0.057813
0 0.594531 0.421875 0.071875 0.075000
0 0.722656 0.476562 0.068750 0.073438
