0 0.107813 0.304688 0.065625 0.081250
0 0.332813 0.284375 0.029687 0.062500
0 0.450781 0.266406 0.060937 0.073438
0 0.311719 0.370312 0.048438 0.071875
0 0.082031 0.392969 0.026562 0.079687
0 0.111719 0.389062 0.043750 0.084375
0 0.332813 0.448437 0.084375 0.081250
0 0.390625 0.440625 0.046875 0.081250
0 0.496094 0.428125 0.037500 0.076563
0 0.533594 0.422656 0.043750 0.081250
0 0.409375 0.358594 0.048438 0.076563
0 0.318750 0.680469 0.045312 0.104688
0 0.521094 0.753906 0.095312 0.089063
0 0.509375 0.855469 0.118750 0.120313
0 0.828906 0.864062 0.039062 0.103125
0 0.833594 0.671875 0.026562 0.090625
