0 0.147656 0.447656 0.054688 0.070312
0 0.284375 0.521094 0.064062 0.096875
0 0.121094 0.636719 0.031250 0.092188
0 0.238281 0.814844 0.031250 0.096875
0 0.307812 0.915625 0.021875 0.118750
0 0.810156 0.421094 0.051562 0.082812
0 0.854688 0.418750 0.050000 0.078125
0 0.897656 0.416406 0.045312 0.073438
0 0.937500 0.414844 0.043750 0.070312
0 0.638281 0.525781 0.034375 0.090625
0 0.342187 0.550781 0.046875 0.095312
0 0.832812 0.601562 0.057813 0.087500
0 0.510938 0.907813 0.270313 0.148438
0 0.729688 0.889062 0.168750 0.142187
