0 0.074219 0.026562 0.054688 0.053125
0 0.006250 0.156250 0.012500 0.062500
0 0.293750 0.235156 0.165625 0.075000
0 0.449219 0.239844 0.143750 0.073438
0 0.054688 0.372656 0.071875 0.073438
0 0.199219 0.461719 0.156250 0.104688
0 0.522656 0.555469 0.032813 0.064062
0 0.124219 0.300781 0.139063 0.064062
0 0.914844 0.160938 0.106250 0.071875
0 0.732031 0.153125 0.062500 0.070312
0 0.782813 0.382031 0.035937 0.100000
0 0.842969 0.384375 0.084375 0.100000
0 0.707812 0.475781 0.051562 0.090625
0 0.604688 0.574219 0.092188 0.114062
0 0.410938 0.903906 0.090625 0.089063
0 0.888281 0.978906 0.035937 0.042188
