0 0.188281 0.146875 0.053125 0.096875
0 0.043750 0.300000 0.046875 0.059375
0 0.100000 0.300000 0.057813 0.062500
0 0.175000 0.515625 0.070312 0.071875
0 0.261719 0.594531 0.035937 0.089063
0 0.227344 0.442188 0.104688 0.062500
0 0.587500 0.048438 0.043750 0.096875
0 0.801562 0.179688 0.042188 0.096875
0 0.836719 0.282031 0.053125 0.095312
0 0.884375 0.486719 0.037500 0.062500
0 0.521094 0.480469 0.035937 0.068750
0 0.757812 0.560937 0.118750 0.081250
0 0.864062 0.723437 0.045312 0.079687
0 0.834375 0.805469 0.042188 0.081250
0 0.946875 0.813281 0.040625 0.071875
0 0.707812 0.804688 0.040625 0.078125
0 0.610938 0.802344 0.023438 0.078125
0 0.985938 0.811719 0.028125 0.076563
0 0.964844 0.974219 0.045312 0.051562
0 0.960938 0.724219 0.035937 0.081250
