0 0.335156 0.282031 0.198437 0.071875
0 0.596875 0.285938 0.026562 0.070312
0 0.292187 0.365625 0.042188 0.084375
0 0.398438 0.367969 0.062500 0.084375
0 0.461719 0.367969 0.060937 0.085938
0 0.164844 0.539062 0.110937 0.070312
0 0.341406 0.542188 0.039062 0.070312
0 0.753906 0.199219 0.026562 0.059375
0 0.886719 0.204687 0.032813 0.056250
0 0.841406 0.376563 0.035937 0.078125
0 0.880469 0.377344 0.035937 0.079687
0 0.784375 0.627344 0.040625 0.076563
0 0.775000 0.697656 0.067187 0.057813
0 0.831250 0.699219 0.039062 0.057813
0 0.424219 0.765625 0.050000 0.078125
0 0.178906 0.687500 0.043750 0.059375
0 0.010156 0.685937 0.020313 0.059375
0 0.483594 0.542188 0.017188 0.075000
