0 0.935937 0.016406 0.043750 0.032813
0 0.814063 0.103125 0.076563 0.101562
0 0.759375 0.112500 0.053125 0.100000
0 0.438281 0.459375 0.057813 0.090625
0 0.435156 0.585156 0.051562 0.104688
0 0.989844 0.368750 0.020313 0.084375
0 0.789844 0.400000 0.071875 0.090625
0 0.805469 0.323437 0.068750 0.071875
0 0.946875 0.302344 0.064062 0.071875
0 0.788281 0.260937 0.035937 0.067187
0 0.639062 0.283594 0.040625 0.068750
0 0.548438 0.297656 0.029687 0.067187
0 0.432031 0.248438 0.045312 0.075000
0 0.471875 0.243750 0.048438 0.071875
0 0.708594 0.952344 0.060937 0.078125
