0 0.517188 0.346094 0.057813 0.101562
0 0.013281 0.271875 0.026562 0.100000
0 0.468750 0.167969 0.062500 0.075000
0 0.346875 0.154688 0.060937 0.076563
0 0.843750 0.079687 0.082812 0.125000
0 0.654687 0.064062 0.073438 0.123438
0 0.760938 0.199219 0.064062 0.117188
0 0.846094 0.343750 0.046875 0.090625
0 0.978125 0.201563 0.043750 0.121875
0 0.646875 0.525000 0.075000 0.128125
0 0.558594 0.824219 0.073438 0.085938
0 0.348438 0.803125 0.103125 0.089063
0 0.866406 0.618750 0.039062 0.059375
0 0.682813 0.766406 0.051562 0.082812
0 0.701562 0.851562 0.050000 0.084375
0 0.827344 0.865625 0.046875 0.081250
0 0.924219 0.875781 0.029687 0.079687
