0 0.117188 0.038281 0.031250 0.068750
0 0.469531 0.217188 0.060937 0.100000
0 0.614062 0.014844 0.031250 0.029687
0 0.685156 0.167187 0.065625 0.098437
0 0.750000 0.161719 0.068750 0.100000
0 0.986719 0.264844 0.026562 0.064062
0 0.031250 0.418750 0.046875 0.037500
0 0.301563 0.475781 0.098437 0.082812
0 0.135937 0.585156 0.089063 0.085938
0 0.042969 0.688281 0.039062 0.081250
0 0.330469 0.662500 0.035937 0.081250
0 0.072656 0.969531 0.145313 0.060937
0 0.828125 0.560156 0.031250 0.081250
0 0.899219 0.737500 0.065625 0.098437
0 0.964063 0.732031 0.068750 0.100000
