0 0.453906 0.214844 0.453125 0.039062
0 0.869531 0.388281 0.241406 0.039062
0 0.358594 0.389844 0.104688 0.042188
0 0.177344 0.384375 0.077344 0.039844
0 0.462500 0.515625 0.213281 0.027344
0 0.221094 0.650781 0.225781 0.060937
0 0.135156 0.848437 0.077344 0.058594
0 0.625781 0.574219 0.239063 0.025000
0 0.817969 0.452344 0.310156 0.031250
0 0.391406 0.453125 0.150000 0.027344
0 0.241406 0.576562 0.047656 0.029687
0 0.771875 0.742188 0.060937 0.060937
0 0.564063 0.750781 0.035156 0.055469
0 0.831250 0.839063 0.030469 0.050781
