0 0.214844 0.546094 0.039062 0.453125
0 0.388281 0.130469 0.039062 0.240625
0 0.389844 0.641406 0.042188 0.104688
0 0.384375 0.822656 0.040625 0.078125
0 0.515625 0.537500 0.028125 0.212500
0 0.650781 0.778906 0.060937 0.225000
0 0.848437 0.864844 0.059375 0.078125
0 0.574219 0.374219 0.025000 0.239063
0 0.452344 0.182031 0.031250 0.309375
0 0.453125 0.608594 0.028125 0.150000
0 0.576562 0.758594 0.029687 0.046875
0 0.742188 0.228125 0.060937 0.060937
0 0.750781 0.435937 0.056250 0.034375
0 0.839063 0.168750 0.050000 0.031250
