0 0.005469 0.027344 0.010937 0.054688
0 0.010156 0.020313 0.019531 0.040625
0 0.010156 0.023438 0.019531 0.046094
0 0.011719 0.032031 0.023438 0.064062
0 0.010156 0.025781 0.019531 0.051562
0 0.007812 0.021094 0.015625 0.042188
0 0.004687 0.021094 0.009375 0.042188
0 0.011719 0.008594 0.023438 0.017188
0 0.007031 0.019531 0.014063 0.038281
0 0.010937 0.008594 0.021875 0.017188
0 0.010937 0.007031 0.021875 0.013281
0 0.011719 0.007031 0.023438 0.014063
0 0.011719 0.007812 0.023438 0.015625
0 0.008594 0.027344 0.016406 0.053906
0 0.007812 0.027344 0.015625 0.054688
0 0.005469 0.024219 0.010937 0.048438
0 0.013281 0.009375 0.026562 0.017969
0 0.007812 0.007031 0.015625 0.014063
0 0.003906 0.015625 0.007812 0.031250
0 0.007812 0.018750 0.015625 0.037500
0 0.006250 0.024219 0.012500 0.048438
0 0.009375 0.028906 0.017969 0.057813
0 0.007812 0.028906 0.015625 0.057031
0 0.007812 0.022656 0.014844 0.045312
0 0.007031 0.023438 0.013281 0.046875
0 0.007812 0.025000 0.014844 0.049219
0 0.005469 0.025000 0.010937 0.050000
0 0.007031 0.024219 0.014063 0.048438
0 0.008594 0.017188 0.017188 0.033594
0 0.010937 0.026562 0.021094 0.053125
0 0.009375 0.023438 0.018750 0.046875
0 0.010156 0.025781 0.020313 0.050781
0 0.011719 0.025000 0.022656 0.049219
0 0.010156 0.024219 0.019531 0.048438
0 0.007031 0.025000 0.014063 0.049219
0 0.011719 0.026562 0.023438 0.052344
0 0.008594 0.028906 0.017188 0.057813
0 0.008594 0.019531 0.017188 0.039062
0 0.007812 0.021875 0.015625 0.043750
0 0.010937 0.028125 0.021875 0.056250
0 0.010156 0.028125 0.019531 0.056250
0 0.010156 0.028125 0.020313 0.056250
0 0.010156 0.025000 0.019531 0.050000
0 0.010156 0.027344 0.020313 0.053906
0 0.009375 0.025781 0.017969 0.050781
0 0.008594 0.024219 0.017188 0.048438
0 0.013281 0.028906 0.026562 0.057813
0 0.009375 0.025000 0.018750 0.050000
0 0.010937 0.033594 0.021875 0.067187
0 0.014063 0.034375 0.028125 0.067969
0 0.010937 0.027344 0.021875 0.054688
0 0.017188 0.033594 0.033594 0.067187
0 0.010156 0.026562 0.020313 0.052344
0 0.013281 0.033594 0.026562 0.067187
0 0.010937 0.025000 0.021875 0.050000
0 0.013281 0.009375 0.026562 0.018750
0 0.013281 0.035156 0.026562 0.070312
0 0.014063 0.025000 0.027344 0.050000
0 0.007031 0.022656 0.014063 0.045312
0 0.010156 0.023438 0.019531 0.046875
0 0.013281 0.025000 0.025781 0.049219
0 0.012500 0.020313 0.025000 0.040625
0 0.013281 0.018750 0.026562 0.037500
0 0.010156 0.021094 0.020313 0.042188
0 0.008594 0.029687 0.016406 0.059375
0 0.005469 0.025781 0.010937 0.051562
0 0.007031 0.028906 0.014063 0.057813
0 0.006250 0.027344 0.012500 0.053906
0 0.006250 0.026562 0.012500 0.053125
0 0.006250 0.026562 0.011719 0.052344
0 0.006250 0.025781 0.011719 0.050781
0 0.010937 0.028906 0.021875 0.057813
0 0.014063 0.021875 0.028125 0.042969
0 0.014063 0.007812 0.028125 0.014844
0 0.010156 0.029687 0.019531 0.058594
0 0.010156 0.021875 0.020313 0.043750
0 0.007031 0.027344 0.014063 0.054688
0 0.009375 0.021094 0.018750 0.042188
0 0.010937 0.007812 0.021875 0.015625
0 0.010156 0.032813 0.020313 0.065625
0 0.014063 0.031250 0.028125 0.062500
0 0.006250 0.025000 0.012500 0.050000
0 0.011719 0.032813 0.023438 0.065625
0 0.015625 0.033594 0.031250 0.066406
0 0.007031 0.021094 0.014063 0.042188
0 0.011719 0.023438 0.023438 0.046094
0 0.010156 0.023438 0.020313 0.046875
0 0.010937 0.025000 0.021094 0.049219
0 0.009375 0.022656 0.018750 0.045312
0 0.012500 0.025781 0.025000 0.050781
0 0.011719 0.025000 0.023438 0.050000
0 0.003125 0.024219 0.006250 0.048438
0 0.011719 0.023438 0.023438 0.046875
0 0.007812 0.028906 0.015625 0.057813
0 0.011719 0.020313 0.023438 0.040625
0 0.006250 0.026562 0.012500 0.052344
0 0.007031 0.032031 0.013281 0.063281
0 0.009375 0.007812 0.017969 0.014844
0 0.010156 0.007812 0.019531 0.015625
0 0.010937 0.008594 0.021094 0.017188
0 0.010156 0.008594 0.019531 0.017188
0 0.009375 0.008594 0.017969 0.017188
0 0.009375 0.009375 0.018750 0.018750
0 0.010937 0.021094 0.021875 0.041406
0 0.008594 0.017969 0.016406 0.035156
0 0.005469 0.014844 0.010937 0.029687
0 0.005469 0.014844 0.010937 0.028906
0 0.007031 0.014844 0.014063 0.029687
0 0.012500 0.017188 0.025000 0.034375
0 0.014844 0.021875 0.029687 0.043750
0 0.011719 0.028906 0.023438 0.057813
0 0.006250 0.025781 0.012500 0.051562
0 0.007812 0.026562 0.015625 0.052344
0 0.011719 0.027344 0.023438 0.054688
0 0.015625 0.007812 0.031250 0.015625
0 0.001563 0.030469 0.003125 0.060937
0 0.014063 0.010937 0.028125 0.021875
0 0.007031 0.029687 0.014063 0.059375
0 0.005469 0.024219 0.010156 0.048438
0 0.005469 0.025781 0.010937 0.050781
0 0.010937 0.026562 0.021094 0.052344
0 0.007031 0.027344 0.013281 0.053906
0 0.009375 0.024219 0.018750 0.048438
0 0.007031 0.004687 0.014063 0.009375
0 0.006250 0.004687 0.012500 0.009375
0 0.007031 0.005469 0.014063 0.010937
0 0.006250 0.025000 0.011719 0.050000
0 0.010156 0.032031 0.020313 0.063281
0 0.005469 0.022656 0.010937 0.045312
0 0.014063 0.009375 0.028125 0.017969
0 0.013281 0.006250 0.026562 0.012500
0 0.004687 0.008594 0.009375 0.017188
0 0.005469 0.007031 0.010937 0.014063
