0 0.021875 0.012500 0.043750 0.025000
0 0.019531 0.029687 0.039062 0.059375
0 0.019531 0.007812 0.039062 0.014844
0 0.019531 0.007031 0.039062 0.014063
0 0.020313 0.007031 0.040625 0.014063
0 0.021875 0.009375 0.042969 0.018750
0 0.021094 0.007031 0.042188 0.014063
0 0.020313 0.007812 0.040625 0.015625
0 0.021094 0.007812 0.042188 0.015625
0 0.021094 0.008594 0.041406 0.016406
0 0.021094 0.008594 0.042188 0.016406
0 0.021094 0.007812 0.041406 0.014844
0 0.020313 0.007812 0.039844 0.014844
0 0.018750 0.007812 0.037500 0.015625
0 0.018750 0.007031 0.037500 0.014063
0 0.018750 0.008594 0.037500 0.017188
0 0.021875 0.008594 0.042969 0.017188
0 0.021094 0.008594 0.042188 0.017188
0 0.021094 0.007812 0.041406 0.015625
0 0.021094 0.009375 0.042188 0.018750
0 0.021875 0.005469 0.042969 0.010937
0 0.019531 0.009375 0.039062 0.018750
0 0.021875 0.007812 0.043750 0.015625
0 0.021875 0.007031 0.042969 0.014063
0 0.023438 0.044531 0.046875 0.089063
0 0.021094 0.007812 0.042188 0.014844
0 0.021875 0.009375 0.043750 0.018750
0 0.020313 0.008594 0.040625 0.016406
0 0.004687 0.006250 0.009375 0.012500
0 0.004687 0.006250 0.009375 0.011719
0 0.005469 0.006250 0.010937 0.012500
0 0.004687 0.005469 0.008594 0.010156
0 0.022656 0.010156 0.045312 0.020313
0 0.003906 0.004687 0.007812 0.009375
0 0.004687 0.004687 0.008594 0.009375
0 0.023438 0.010937 0.046094 0.021875
0 0.023438 0.009375 0.046094 0.017969
0 0.017969 0.009375 0.035937 0.018750
0 0.011719 0.007031 0.023438 0.014063
0 0.023438 0.009375 0.046875 0.018750
0 0.019531 0.008594 0.039062 0.017188
0 0.018750 0.007812 0.036719 0.015625
0 0.012500 0.007031 0.025000 0.014063
0 0.017969 0.007812 0.035937 0.015625
0 0.018750 0.010937 0.037500 0.021875
0 0.017969 0.007031 0.035937 0.014063
0 0.017969 0.008594 0.035937 0.017188
0 0.017969 0.009375 0.035937 0.017969
0 0.018750 0.009375 0.036719 0.018750
0 0.023438 0.009375 0.046094 0.018750
0 0.019531 0.008594 0.038281 0.017188
0 0.021875 0.008594 0.043750 0.016406
0 0.021094 0.006250 0.041406 0.011719
0 0.023438 0.010156 0.046094 0.020313
0 0.023438 0.010156 0.046875 0.020313
0 0.022656 0.008594 0.044531 0.017188
0 0.022656 0.009375 0.044531 0.018750
0 0.022656 0.009375 0.045312 0.018750
0 0.024219 0.023438 0.048438 0.046094
0 0.023438 0.007031 0.046875 0.014063
0 0.021875 0.007812 0.042969 0.015625
0 0.021094 0.009375 0.042188 0.017969
0 0.023438 0.043750 0.046875 0.087500
0 0.011719 0.041406 0.023438 0.082812
0 0.021875 0.017969 0.042969 0.035937
0 0.023438 0.007812 0.046094 0.015625
0 0.021875 0.008594 0.043750 0.017188
0 0.018750 0.009375 0.037500 0.018750
0 0.020313 0.009375 0.039844 0.018750
0 0.003906 0.011719 0.007812 0.022656
0 0.003125 0.010156 0.006250 0.020313
0 0.004687 0.009375 0.009375 0.018750
0 0.004687 0.010937 0.009375 0.021875
0 0.004687 0.010156 0.009375 0.020313
0 0.003906 0.009375 0.007812 0.018750
0 0.005469 0.007031 0.010937 0.014063
0 0.005469 0.008594 0.010937 0.017188
0 0.022656 0.009375 0.044531 0.017969
0 0.019531 0.007812 0.039062 0.015625
0 0.022656 0.007812 0.045312 0.015625
0 0.021875 0.009375 0.043750 0.017969
0 0.021875 0.007031 0.043750 0.014063
0 0.023438 0.010156 0.046875 0.019531
0 0.034375 0.047656 0.068750 0.095312
0 0.021875 0.010937 0.043750 0.021875
0 0.020313 0.009375 0.040625 0.017969
0 0.021094 0.010156 0.042188 0.020313
0 0.021094 0.007031 0.042188 0.013281
0 0.020313 0.005469 0.039844 0.010937
0 0.020313 0.009375 0.040625 0.018750
0 0.012500 0.023438 0.024219 0.046094
0 0.003906 0.021875 0.007812 0.043750
0 0.021875 0.007812 0.042969 0.014844
0 0.022656 0.006250 0.044531 0.012500
0 0.020313 0.008594 0.040625 0.017188
0 0.020313 0.006250 0.040625 0.012500
0 0.033594 0.046875 0.067187 0.093750
