0 0.009375 0.006250 0.018750 0.012500
0 0.008594 0.003906 0.017188 0.007812
0 0.008594 0.006250 0.017188 0.012500
0 0.002344 0.003906 0.004687 0.007812
0 0.003125 0.004687 0.006250 0.009375
0 0.003125 0.004687 0.006250 0.008594
0 0.010156 0.006250 0.020313 0.012500
0 0.009375 0.020313 0.018750 0.040625
0 0.009375 0.004687 0.018750 0.009375
0 0.009375 0.005469 0.018750 0.010937
0 0.009375 0.007031 0.017969 0.014063
0 0.009375 0.017188 0.018750 0.034375
0 0.010156 0.017188 0.019531 0.034375
0 0.009375 0.018750 0.018750 0.037500
0 0.010156 0.018750 0.019531 0.036719
0 0.009375 0.017969 0.018750 0.035937
0 0.009375 0.017969 0.017969 0.035937
0 0.010156 0.004687 0.020313 0.009375
0 0.009375 0.010156 0.018750 0.020313
0 0.009375 0.023438 0.017969 0.046875
0 0.009375 0.016406 0.018750 0.032813
0 0.006250 0.011719 0.011719 0.023438
0 0.010156 0.016406 0.019531 0.032813
0 0.010156 0.012500 0.019531 0.024219
0 0.008594 0.005469 0.017188 0.010937
0 0.010937 0.025000 0.021094 0.050000
0 0.007812 0.004687 0.015625 0.009375
0 0.010156 0.019531 0.019531 0.039062
0 0.009375 0.019531 0.018750 0.039062
0 0.008594 0.019531 0.017188 0.039062
0 0.010156 0.018750 0.020313 0.037500
0 0.010156 0.019531 0.020313 0.039062
0 0.009375 0.010156 0.017969 0.019531
0 0.010156 0.010156 0.020313 0.020313
0 0.010156 0.017969 0.019531 0.035156
0 0.010937 0.018750 0.021094 0.037500
0 0.010156 0.017969 0.020313 0.035937
0 0.009375 0.018750 0.018750 0.036719
0 0.006250 0.004687 0.011719 0.008594
0 0.005469 0.005469 0.010937 0.010937
0 0.006250 0.006250 0.011719 0.012500
0 0.009375 0.015625 0.018750 0.031250
0 0.010156 0.017188 0.020313 0.033594
0 0.008594 0.015625 0.017188 0.031250
0 0.010156 0.014844 0.020313 0.029687
0 0.010156 0.017969 0.019531 0.035937
0 0.009375 0.018750 0.017969 0.037500
0 0.010937 0.017969 0.021875 0.035937
0 0.010937 0.014063 0.021875 0.028125
0 0.010156 0.016406 0.020313 0.032813
0 0.010937 0.011719 0.021875 0.023438
0 0.011719 0.017969 0.022656 0.035937
0 0.009375 0.004687 0.018750 0.008594
0 0.009375 0.009375 0.018750 0.018750
0 0.010156 0.010937 0.019531 0.021094
0 0.009375 0.010937 0.018750 0.021875
0 0.010156 0.012500 0.020313 0.024219
0 0.009375 0.011719 0.018750 0.023438
0 0.010156 0.026562 0.020313 0.053125
0 0.010156 0.025781 0.020313 0.051562
0 0.009375 0.007031 0.018750 0.014063
0 0.010937 0.007031 0.021875 0.014063
0 0.007812 0.003906 0.015625 0.007812
0 0.010156 0.012500 0.020313 0.025000
0 0.010937 0.010156 0.021875 0.020313
0 0.010156 0.011719 0.020313 0.023438
0 0.010156 0.010937 0.020313 0.021875
0 0.009375 0.010937 0.017969 0.021875
0 0.010937 0.010156 0.021094 0.020313
0 0.008594 0.010156 0.017188 0.020313
0 0.008594 0.007031 0.017188 0.014063
0 0.010156 0.010937 0.020313 0.021094
0 0.010937 0.010937 0.021094 0.021875
0 0.010937 0.011719 0.021094 0.023438
0 0.009375 0.012500 0.018750 0.025000
0 0.010937 0.013281 0.021094 0.025781
0 0.011719 0.010937 0.022656 0.021094
0 0.010156 0.011719 0.019531 0.022656
0 0.010156 0.013281 0.020313 0.026562
0 0.011719 0.005469 0.022656 0.010937
0 0.010156 0.007031 0.020313 0.014063
0 0.010156 0.010156 0.019531 0.020313
0 0.009375 0.007812 0.018750 0.014844
0 0.010156 0.007031 0.019531 0.014063
0 0.009375 0.011719 0.017969 0.023438
0 0.010156 0.011719 0.019531 0.023438
0 0.009375 0.011719 0.018750 0.022656
0 0.009375 0.008594 0.018750 0.017188
0 0.010156 0.008594 0.020313 0.017188
0 0.010156 0.013281 0.019531 0.026562
0 0.010937 0.010937 0.021875 0.021875
0 0.011719 0.013281 0.022656 0.025781
