0 0.023438 0.037500 0.046094 0.075000
0 0.020313 0.034375 0.039844 0.067969
0 0.021875 0.025000 0.043750 0.050000
0 0.018750 0.032813 0.037500 0.065625
0 0.018750 0.033594 0.037500 0.067187
0 0.020313 0.034375 0.040625 0.068750
0 0.021875 0.035156 0.042969 0.070312
0 0.018750 0.034375 0.037500 0.068750
0 0.017188 0.034375 0.034375 0.068750
0 0.023438 0.028906 0.046094 0.057813
0 0.013281 0.032813 0.026562 0.065625
0 0.024219 0.032031 0.048438 0.064062
0 0.018750 0.032031 0.036719 0.064062
0 0.011719 0.003125 0.022656 0.006250
0 0.012500 0.003125 0.025000 0.006250
0 0.012500 0.003125 0.024219 0.006250
0 0.012500 0.003906 0.024219 0.007812
0 0.011719 0.003906 0.023438 0.007812
0 0.010156 0.003125 0.020313 0.006250
0 0.010156 0.003125 0.019531 0.006250
0 0.013281 0.003125 0.025781 0.006250
0 0.013281 0.035156 0.026562 0.070312
0 0.012500 0.004687 0.024219 0.009375
0 0.014063 0.004687 0.027344 0.009375
0 0.011719 0.003125 0.023438 0.005469
0 0.021875 0.028906 0.043750 0.057813
0 0.010937 0.003906 0.021875 0.007812
0 0.015625 0.028125 0.030469 0.056250
0 0.011719 0.003125 0.023438 0.006250
0 0.007031 0.006250 0.014063 0.011719
0 0.010937 0.003125 0.021875 0.006250
0 0.010937 0.003906 0.021094 0.007812
0 0.011719 0.004687 0.022656 0.008594
0 0.011719 0.018750 0.023438 0.036719
0 0.012500 0.003125 0.024219 0.005469
0 0.016406 0.030469 0.032813 0.060937
0 0.010937 0.003125 0.021875 0.005469
0 0.009375 0.003125 0.018750 0.006250
0 0.011719 0.003125 0.022656 0.005469
0 0.017969 0.032813 0.035937 0.065625
0 0.014063 0.027344 0.028125 0.054688
0 0.010937 0.024219 0.021094 0.048438
0 0.015625 0.032813 0.030469 0.065625
0 0.007031 0.007812 0.013281 0.014844
0 0.014844 0.020313 0.029687 0.040625
0 0.006250 0.005469 0.012500 0.010937
0 0.015625 0.021875 0.030469 0.043750
0 0.014844 0.016406 0.029687 0.032813
0 0.013281 0.010156 0.025781 0.020313
0 0.015625 0.005469 0.030469 0.010937
0 0.015625 0.003906 0.031250 0.007812
0 0.014844 0.003906 0.029687 0.007812
0 0.014063 0.004687 0.028125 0.008594
0 0.014063 0.004687 0.028125 0.009375
0 0.014063 0.004687 0.027344 0.008594
0 0.014063 0.003906 0.027344 0.007812
0 0.014063 0.003125 0.028125 0.006250
0 0.013281 0.003125 0.026562 0.006250
0 0.015625 0.017969 0.030469 0.035937
0 0.013281 0.003906 0.026562 0.007812
0 0.014063 0.003125 0.027344 0.006250
0 0.010937 0.003125 0.021094 0.005469
0 0.008594 0.003125 0.017188 0.006250
0 0.010937 0.003125 0.021094 0.006250
0 0.006250 0.005469 0.011719 0.010937
0 0.014844 0.017188 0.029687 0.034375
0 0.006250 0.007031 0.011719 0.014063
0 0.003906 0.010156 0.007812 0.020313
0 0.005469 0.013281 0.010156 0.026562
0 0.009375 0.007812 0.018750 0.015625
0 0.010156 0.003906 0.020313 0.007812
0 0.008594 0.012500 0.017188 0.025000
0 0.014063 0.018750 0.028125 0.037500
0 0.013281 0.003906 0.025781 0.007812
0 0.012500 0.003906 0.025000 0.007812
0 0.013281 0.003125 0.025781 0.005469
0 0.005469 0.007031 0.010937 0.014063
0 0.006250 0.006250 0.012500 0.012500
0 0.007031 0.007812 0.014063 0.015625
0 0.014844 0.032813 0.028906 0.065625
0 0.012500 0.031250 0.025000 0.062500
0 0.017969 0.025781 0.035156 0.051562
0 0.016406 0.010156 0.032813 0.020313
0 0.016406 0.007031 0.032031 0.014063
0 0.016406 0.007812 0.032031 0.015625
0 0.015625 0.004687 0.031250 0.009375
0 0.015625 0.022656 0.030469 0.045312
0 0.011719 0.003906 0.022656 0.007812
0 0.013281 0.014063 0.025781 0.028125
