0 0.016406 0.021094 0.032813 0.041406
0 0.008594 0.027344 0.017188 0.054688
0 0.015625 0.020313 0.031250 0.040625
0 0.014844 0.021094 0.029687 0.042188
0 0.015625 0.021094 0.031250 0.042188
0 0.014063 0.017969 0.028125 0.035937
0 0.015625 0.017969 0.030469 0.035937
0 0.014844 0.017969 0.028906 0.035156
0 0.014844 0.019531 0.029687 0.039062
0 0.015625 0.021875 0.031250 0.043750
0 0.014844 0.021875 0.029687 0.043750
0 0.014844 0.019531 0.029687 0.038281
0 0.010937 0.029687 0.021875 0.059375
0 0.014844 0.017969 0.029687 0.035156
0 0.010156 0.089844 0.019531 0.179688
0 0.014844 0.017969 0.029687 0.035937
0 0.014063 0.019531 0.028125 0.039062
0 0.016406 0.019531 0.032813 0.038281
0 0.013281 0.017188 0.026562 0.034375
0 0.014844 0.017188 0.029687 0.034375
0 0.016406 0.019531 0.032813 0.039062
0 0.016406 0.017969 0.032031 0.035937
0 0.014844 0.021094 0.029687 0.041406
0 0.015625 0.019531 0.031250 0.039062
0 0.014063 0.020313 0.028125 0.039844
0 0.013281 0.020313 0.026562 0.040625
0 0.016406 0.021875 0.032813 0.043750
0 0.010937 0.018750 0.021875 0.036719
0 0.014063 0.011719 0.028125 0.023438
0 0.014063 0.007031 0.028125 0.014063
0 0.014063 0.017188 0.028125 0.034375
0 0.014844 0.007031 0.029687 0.014063
0 0.014844 0.006250 0.029687 0.012500
0 0.014844 0.010156 0.029687 0.020313
0 0.015625 0.012500 0.031250 0.025000
0 0.014844 0.009375 0.029687 0.018750
0 0.010937 0.011719 0.021875 0.023438
0 0.010937 0.009375 0.021875 0.018750
0 0.009375 0.032031 0.018750 0.063281
0 0.014063 0.007812 0.027344 0.015625
0 0.014063 0.004687 0.028125 0.008594
0 0.015625 0.018750 0.031250 0.037500
0 0.014063 0.004687 0.028125 0.009375
0 0.014063 0.007812 0.028125 0.014844
0 0.014844 0.007812 0.028906 0.014844
0 0.015625 0.007031 0.031250 0.014063
0 0.014844 0.007812 0.029687 0.015625
0 0.015625 0.004687 0.030469 0.008594
0 0.016406 0.004687 0.032031 0.008594
0 0.015625 0.007031 0.031250 0.013281
0 0.015625 0.007812 0.030469 0.015625
0 0.014063 0.018750 0.028125 0.037500
0 0.010156 0.011719 0.020313 0.022656
0 0.015625 0.015625 0.031250 0.031250
0 0.016406 0.017188 0.032813 0.034375
0 0.007812 0.029687 0.015625 0.059375
0 0.010156 0.014844 0.020313 0.029687
0 0.008594 0.014063 0.017188 0.028125
0 0.008594 0.011719 0.016406 0.023438
0 0.013281 0.022656 0.026562 0.045312
0 0.012500 0.025000 0.025000 0.050000
0 0.014063 0.024219 0.028125 0.048438
0 0.012500 0.027344 0.025000 0.054688
0 0.014063 0.027344 0.028125 0.054688
0 0.014063 0.023438 0.028125 0.046875
0 0.014063 0.025000 0.028125 0.050000
0 0.014063 0.025781 0.028125 0.051562
0 0.014844 0.018750 0.029687 0.037500
0 0.014844 0.020313 0.029687 0.040625
0 0.015625 0.019531 0.031250 0.038281
0 0.015625 0.006250 0.031250 0.012500
0 0.009375 0.013281 0.018750 0.026562
0 0.019531 0.007812 0.039062 0.015625
0 0.014063 0.015625 0.028125 0.031250
0 0.009375 0.015625 0.018750 0.031250
0 0.009375 0.017188 0.017969 0.034375
0 0.015625 0.011719 0.031250 0.023438
0 0.014844 0.012500 0.029687 0.024219
0 0.011719 0.025000 0.023438 0.050000
0 0.007812 0.024219 0.015625 0.048438
0 0.004687 0.019531 0.009375 0.039062
0 0.010156 0.018750 0.020313 0.037500
0 0.005469 0.024219 0.010937 0.048438
0 0.004687 0.022656 0.009375 0.045312
0 0.008594 0.015625 0.017188 0.031250
0 0.011719 0.023438 0.023438 0.046094
0 0.013281 0.017969 0.025781 0.035156
0 0.011719 0.016406 0.023438 0.032813
0 0.013281 0.017969 0.026562 0.035156
0 0.013281 0.019531 0.026562 0.039062
0 0.014063 0.021094 0.028125 0.042188
0 0.012500 0.015625 0.025000 0.031250
0 0.013281 0.015625 0.025781 0.030469
0 0.014844 0.014844 0.028906 0.029687
0 0.013281 0.015625 0.026562 0.031250
0 0.013281 0.019531 0.025781 0.038281
0 0.009375 0.016406 0.018750 0.032031
0 0.008594 0.018750 0.017188 0.037500
0 0.008594 0.016406 0.017188 0.032031
0 0.007812 0.014063 0.015625 0.027344
0 0.006250 0.016406 0.011719 0.032031
0 0.009375 0.021094 0.018750 0.042188
0 0.008594 0.018750 0.017188 0.036719
0 0.009375 0.014063 0.017969 0.027344
0 0.009375 0.019531 0.018750 0.038281
0 0.007031 0.008594 0.014063 0.017188
0 0.005469 0.008594 0.010937 0.017188
0 0.008594 0.019531 0.017188 0.039062
0 0.008594 0.014844 0.016406 0.029687
0 0.007812 0.014844 0.014844 0.028906
0 0.005469 0.014844 0.010937 0.029687
0 0.010156 0.025000 0.019531 0.050000
0 0.007031 0.014844 0.013281 0.029687
0 0.006250 0.016406 0.012500 0.032813
0 0.007031 0.026562 0.014063 0.053125
0 0.014844 0.013281 0.029687 0.026562
0 0.010156 0.020313 0.020313 0.040625
0 0.008594 0.017188 0.017188 0.034375
0 0.009375 0.033594 0.018750 0.067187
0 0.010937 0.017188 0.021875 0.034375
