0 0.021094 0.007812 0.042188 0.015625
0 0.006250 0.035937 0.011719 0.071875
0 0.004687 0.031250 0.009375 0.062500
0 0.019531 0.008594 0.039062 0.017188
0 0.006250 0.033594 0.012500 0.067187
0 0.007031 0.033594 0.014063 0.067187
0 0.005469 0.032031 0.010937 0.064062
0 0.005469 0.035937 0.010937 0.071875
0 0.007031 0.035156 0.014063 0.069531
0 0.007031 0.035156 0.014063 0.070312
0 0.005469 0.034375 0.010937 0.068750
0 0.006250 0.035937 0.012500 0.071875
0 0.006250 0.035156 0.011719 0.069531
0 0.004687 0.031250 0.009375 0.061719
0 0.004687 0.031250 0.008594 0.061719
0 0.007031 0.036719 0.014063 0.073438
0 0.004687 0.030469 0.009375 0.060937
0 0.005469 0.037500 0.010937 0.074219
0 0.003906 0.037500 0.007812 0.075000
0 0.017188 0.011719 0.034375 0.023438
0 0.024219 0.010156 0.048438 0.020313
0 0.026562 0.009375 0.052344 0.018750
0 0.025000 0.009375 0.049219 0.018750
0 0.005469 0.035156 0.010937 0.070312
0 0.024219 0.013281 0.048438 0.026562
0 0.011719 0.007031 0.023438 0.014063
0 0.025781 0.010156 0.051562 0.020313
0 0.026562 0.027344 0.053125 0.054688
0 0.009375 0.035156 0.018750 0.069531
0 0.010156 0.032813 0.020313 0.065625
0 0.010156 0.037500 0.020313 0.075000
0 0.009375 0.035937 0.018750 0.071094
0 0.010156 0.035937 0.019531 0.071875
0 0.012500 0.008594 0.025000 0.017188
0 0.005469 0.036719 0.010937 0.073438
0 0.006250 0.036719 0.012500 0.073438
0 0.024219 0.009375 0.048438 0.018750
0 0.015625 0.036719 0.031250 0.072656
0 0.010156 0.033594 0.020313 0.067187
0 0.009375 0.033594 0.018750 0.067187
0 0.009375 0.037500 0.018750 0.074219
0 0.008594 0.035156 0.017188 0.070312
0 0.010156 0.035156 0.020313 0.069531
0 0.010156 0.035937 0.020313 0.071094
0 0.009375 0.032813 0.018750 0.065625
0 0.009375 0.035156 0.017969 0.070312
0 0.005469 0.038281 0.010937 0.076563
0 0.017969 0.032031 0.035156 0.064062
0 0.008594 0.033594 0.017188 0.067187
0 0.023438 0.010937 0.046875 0.021094
0 0.015625 0.033594 0.030469 0.066406
0 0.013281 0.030469 0.026562 0.060937
0 0.025781 0.032031 0.050781 0.064062
0 0.023438 0.032031 0.046875 0.064062
0 0.010937 0.038281 0.021094 0.076563
0 0.006250 0.037500 0.012500 0.075000
0 0.009375 0.036719 0.018750 0.072656
0 0.010156 0.038281 0.020313 0.076563
0 0.009375 0.036719 0.018750 0.073438
0 0.025000 0.010156 0.050000 0.020313
0 0.024219 0.011719 0.048438 0.022656
0 0.024219 0.007812 0.048438 0.015625
0 0.007812 0.034375 0.014844 0.068750
0 0.014063 0.008594 0.028125 0.017188
0 0.021875 0.008594 0.043750 0.017188
0 0.025000 0.009375 0.050000 0.018750
0 0.019531 0.006250 0.039062 0.012500
0 0.018750 0.010156 0.037500 0.020313
0 0.018750 0.010937 0.037500 0.021875
0 0.018750 0.008594 0.037500 0.017188
0 0.021094 0.006250 0.042188 0.012500
0 0.020313 0.008594 0.040625 0.017188
0 0.020313 0.007031 0.040625 0.014063
0 0.022656 0.008594 0.045312 0.017188
0 0.023438 0.007031 0.046875 0.014063
0 0.022656 0.009375 0.045312 0.018750
0 0.022656 0.007812 0.045312 0.014844
0 0.022656 0.005469 0.044531 0.010937
0 0.020313 0.006250 0.040625 0.012500
0 0.021875 0.009375 0.043750 0.018750
0 0.007812 0.020313 0.015625 0.040625
0 0.020313 0.009375 0.040625 0.018750
0 0.019531 0.007031 0.039062 0.014063
0 0.021094 0.009375 0.042188 0.018750
0 0.018750 0.009375 0.037500 0.018750
0 0.021094 0.008594 0.042188 0.017188
0 0.022656 0.010156 0.045312 0.020313
0 0.021094 0.007031 0.042188 0.014063
0 0.025781 0.024219 0.050781 0.048438
0 0.021875 0.010937 0.043750 0.021094
0 0.021875 0.007031 0.043750 0.014063
0 0.025000 0.026562 0.049219 0.053125
0 0.025781 0.008594 0.051562 0.017188
0 0.019531 0.007812 0.039062 0.015625
0 0.020313 0.009375 0.040625 0.017969
0 0.021094 0.010156 0.042188 0.020313
0 0.021875 0.010156 0.042969 0.020313
