0 0.026562 0.013281 0.052344 0.025781
0 0.024219 0.017188 0.048438 0.034375
0 0.025781 0.010156 0.051562 0.020313
0 0.025000 0.013281 0.050000 0.026562
0 0.028125 0.013281 0.056250 0.026562
0 0.025000 0.010937 0.050000 0.021094
0 0.028125 0.011719 0.056250 0.022656
0 0.028906 0.012500 0.057813 0.024219
0 0.029687 0.012500 0.059375 0.025000
0 0.016406 0.002344 0.032813 0.004687
0 0.025781 0.012500 0.051562 0.025000
0 0.025781 0.011719 0.051562 0.023438
0 0.012500 0.013281 0.025000 0.026562
0 0.025781 0.012500 0.051562 0.024219
0 0.025000 0.012500 0.050000 0.025000
0 0.027344 0.012500 0.054688 0.025000
0 0.026562 0.013281 0.053125 0.025781
0 0.028125 0.012500 0.055469 0.024219
0 0.026562 0.012500 0.053125 0.024219
0 0.025000 0.010937 0.050000 0.021875
0 0.025000 0.011719 0.050000 0.023438
0 0.026562 0.014063 0.053125 0.027344
0 0.028125 0.010937 0.056250 0.021094
0 0.028906 0.014063 0.057813 0.028125
0 0.026562 0.012500 0.053125 0.025000
0 0.028125 0.014063 0.056250 0.028125
0 0.028125 0.014063 0.056250 0.027344
0 0.023438 0.010156 0.046094 0.019531
0 0.023438 0.013281 0.046094 0.026562
0 0.023438 0.010156 0.046875 0.019531
0 0.023438 0.009375 0.046875 0.018750
0 0.025000 0.014844 0.050000 0.029687
0 0.021094 0.010937 0.042188 0.021875
0 0.025000 0.013281 0.050000 0.025781
0 0.024219 0.010937 0.048438 0.021094
0 0.026562 0.007812 0.053125 0.015625
0 0.023438 0.012500 0.046875 0.024219
0 0.025000 0.011719 0.050000 0.022656
0 0.025781 0.015625 0.051562 0.031250
0 0.027344 0.011719 0.054688 0.023438
0 0.026562 0.010156 0.053125 0.020313
0 0.023438 0.010937 0.046875 0.021094
0 0.023438 0.010156 0.046094 0.020313
0 0.023438 0.011719 0.046875 0.023438
0 0.025781 0.013281 0.051562 0.025781
0 0.028125 0.014063 0.055469 0.027344
0 0.026562 0.010937 0.053125 0.021875
0 0.024219 0.011719 0.048438 0.022656
0 0.025000 0.010156 0.049219 0.019531
0 0.017188 0.002344 0.034375 0.004687
0 0.023438 0.012500 0.046094 0.025000
0 0.024219 0.008594 0.048438 0.017188
0 0.027344 0.013281 0.054688 0.026562
0 0.027344 0.015625 0.054688 0.031250
0 0.025781 0.010937 0.051562 0.021094
0 0.015625 0.008594 0.031250 0.016406
0 0.028906 0.014844 0.057813 0.029687
0 0.028125 0.012500 0.056250 0.025000
0 0.029687 0.013281 0.059375 0.026562
0 0.029687 0.014063 0.059375 0.028125
0 0.017188 0.003906 0.034375 0.007812
0 0.019531 0.002344 0.039062 0.004687
0 0.018750 0.003125 0.037500 0.006250
0 0.018750 0.003125 0.037500 0.005469
0 0.016406 0.003125 0.032813 0.005469
0 0.017969 0.002344 0.035937 0.004687
0 0.014063 0.003125 0.028125 0.006250
0 0.015625 0.002344 0.031250 0.004687
0 0.014844 0.002344 0.029687 0.004687
0 0.029687 0.014844 0.058594 0.028906
0 0.027344 0.014063 0.054688 0.028125
0 0.028125 0.014844 0.056250 0.029687
0 0.010937 0.021875 0.021875 0.043750
0 0.021094 0.020313 0.042188 0.039844
0 0.022656 0.013281 0.045312 0.026562
0 0.025000 0.009375 0.050000 0.018750
0 0.028906 0.014844 0.057813 0.028906
0 0.024219 0.012500 0.048438 0.025000
0 0.032813 0.015625 0.064844 0.031250
0 0.028906 0.015625 0.057813 0.031250
0 0.032031 0.013281 0.064062 0.026562
0 0.031250 0.013281 0.062500 0.026562
0 0.030469 0.015625 0.060937 0.031250
0 0.030469 0.013281 0.060937 0.025781
0 0.029687 0.013281 0.059375 0.025781
0 0.029687 0.014844 0.059375 0.029687
0 0.031250 0.012500 0.062500 0.024219
0 0.024219 0.011719 0.048438 0.023438
0 0.015625 0.016406 0.031250 0.032813
0 0.027344 0.015625 0.054688 0.030469
0 0.029687 0.008594 0.059375 0.017188
0 0.017188 0.014063 0.034375 0.028125
0 0.017188 0.013281 0.034375 0.026562
0 0.031250 0.016406 0.062500 0.032031
