0 0.005469 0.021094 0.010937 0.042188
0 0.012500 0.048438 0.025000 0.096875
0 0.010156 0.003125 0.020313 0.005469
0 0.009375 0.021094 0.018750 0.042188
0 0.010156 0.004687 0.020313 0.009375
0 0.011719 0.016406 0.023438 0.032813
0 0.010156 0.003906 0.020313 0.007812
0 0.010937 0.002344 0.021875 0.004687
0 0.007812 0.026562 0.015625 0.053125
0 0.009375 0.027344 0.018750 0.054688
0 0.007031 0.019531 0.013281 0.038281
0 0.006250 0.021094 0.012500 0.042188
0 0.007031 0.028906 0.014063 0.057813
0 0.005469 0.030469 0.010937 0.060937
0 0.006250 0.030469 0.011719 0.060937
0 0.007031 0.032031 0.014063 0.063281
0 0.010937 0.003906 0.021875 0.007812
0 0.006250 0.028906 0.012500 0.057813
0 0.004687 0.028906 0.009375 0.057813
0 0.005469 0.025781 0.010937 0.051562
0 0.005469 0.028906 0.010937 0.057813
0 0.008594 0.020313 0.017188 0.040625
0 0.007031 0.022656 0.014063 0.045312
0 0.010156 0.035937 0.020313 0.071875
0 0.014844 0.038281 0.029687 0.076563
0 0.007812 0.025000 0.015625 0.049219
0 0.005469 0.025000 0.010937 0.050000
0 0.006250 0.024219 0.012500 0.048438
0 0.006250 0.026562 0.011719 0.053125
0 0.003906 0.026562 0.007812 0.053125
0 0.006250 0.028125 0.012500 0.056250
0 0.012500 0.014844 0.025000 0.029687
0 0.007812 0.017188 0.015625 0.033594
0 0.011719 0.003906 0.022656 0.007031
0 0.011719 0.003906 0.023438 0.007031
0 0.005469 0.021875 0.010937 0.043750
0 0.006250 0.019531 0.012500 0.039062
0 0.006250 0.021875 0.012500 0.043750
0 0.009375 0.013281 0.018750 0.026562
0 0.011719 0.021094 0.022656 0.042188
0 0.008594 0.019531 0.017188 0.039062
0 0.007031 0.021875 0.014063 0.043750
0 0.007031 0.021875 0.013281 0.043750
0 0.005469 0.022656 0.010937 0.044531
0 0.009375 0.010937 0.018750 0.021875
0 0.007031 0.021094 0.014063 0.042188
0 0.004687 0.022656 0.009375 0.045312
0 0.006250 0.021875 0.012500 0.042969
0 0.009375 0.021875 0.018750 0.043750
0 0.011719 0.003125 0.023438 0.005469
0 0.008594 0.020313 0.017188 0.039844
0 0.007812 0.021094 0.015625 0.042188
0 0.007812 0.019531 0.015625 0.039062
0 0.010937 0.018750 0.021875 0.037500
0 0.010937 0.003125 0.021875 0.006250
0 0.010937 0.003906 0.021875 0.007031
0 0.011719 0.003125 0.022656 0.006250
0 0.007031 0.004687 0.014063 0.009375
0 0.007031 0.003906 0.014063 0.007031
0 0.007031 0.003906 0.014063 0.007812
0 0.014063 0.021094 0.028125 0.042188
0 0.009375 0.019531 0.018750 0.038281
0 0.006250 0.017969 0.012500 0.035937
0 0.007031 0.023438 0.014063 0.046094
0 0.007031 0.023438 0.013281 0.046875
0 0.006250 0.010937 0.012500 0.021875
0 0.005469 0.006250 0.010937 0.012500
0 0.007031 0.020313 0.014063 0.040625
0 0.007812 0.021094 0.014844 0.042188
0 0.006250 0.016406 0.012500 0.032813
0 0.005469 0.036719 0.010937 0.073438
0 0.020313 0.033594 0.039844 0.066406
0 0.004687 0.021094 0.009375 0.042188
0 0.011719 0.025781 0.023438 0.050781
0 0.007031 0.026562 0.014063 0.053125
0 0.010156 0.026562 0.020313 0.053125
0 0.013281 0.032031 0.026562 0.064062
0 0.005469 0.014063 0.010937 0.028125
0 0.009375 0.021875 0.017969 0.043750
0 0.007812 0.021875 0.015625 0.042969
0 0.005469 0.029687 0.010937 0.059375
0 0.010937 0.033594 0.021875 0.066406
0 0.014844 0.049219 0.028906 0.098437
0 0.013281 0.048438 0.026562 0.096875
0 0.008594 0.049219 0.016406 0.098437
0 0.007031 0.047656 0.014063 0.095312
0 0.014844 0.040625 0.028906 0.081250
0 0.010156 0.038281 0.020313 0.076563
0 0.011719 0.041406 0.023438 0.082812
0 0.010937 0.042969 0.021875 0.085938
0 0.011719 0.030469 0.022656 0.060937
0 0.007031 0.028125 0.013281 0.056250
0 0.007812 0.027344 0.015625 0.054688
0 0.006250 0.022656 0.012500 0.045312
0 0.006250 0.022656 0.011719 0.045312
0 0.007812 0.022656 0.015625 0.044531
0 0.005469 0.021094 0.010156 0.042188
0 0.008594 0.023438 0.017188 0.046875
0 0.008594 0.021875 0.017188 0.043750
0 0.007031 0.023438 0.014063 0.046875
0 0.007812 0.025000 0.015625 0.050000
0 0.010156 0.022656 0.020313 0.045312
0 0.004687 0.020313 0.009375 0.040625
0 0.010156 0.002344 0.019531 0.004687
0 0.009375 0.002344 0.017969 0.004687
0 0.007812 0.003125 0.015625 0.006250
0 0.008594 0.021875 0.016406 0.043750
0 0.007031 0.018750 0.013281 0.037500
0 0.007031 0.025000 0.014063 0.050000
0 0.013281 0.022656 0.026562 0.045312
0 0.009375 0.022656 0.018750 0.045312
0 0.015625 0.023438 0.030469 0.046094
0 0.010156 0.042969 0.020313 0.085938
0 0.010156 0.021875 0.020313 0.043750
0 0.010156 0.038281 0.020313 0.075781
0 0.006250 0.023438 0.012500 0.046875
0 0.009375 0.024219 0.018750 0.048438
0 0.004687 0.027344 0.009375 0.054688
0 0.010937 0.027344 0.021875 0.054688
0 0.003906 0.027344 0.007812 0.054688
0 0.024219 0.040625 0.048438 0.081250
0 0.021094 0.035156 0.042188 0.069531
