0 0.007031 0.020313 0.014063 0.039844
0 0.006250 0.019531 0.012500 0.039062
0 0.003906 0.019531 0.007812 0.039062
0 0.004687 0.021094 0.009375 0.042188
0 0.005469 0.021875 0.010937 0.043750
0 0.007031 0.019531 0.014063 0.039062
0 0.007031 0.023438 0.013281 0.046875
0 0.006250 0.020313 0.012500 0.040625
0 0.006250 0.021875 0.011719 0.042969
0 0.004687 0.018750 0.009375 0.037500
0 0.003906 0.025781 0.007812 0.051562
0 0.004687 0.019531 0.009375 0.039062
0 0.003906 0.025000 0.007031 0.050000
0 0.007031 0.022656 0.014063 0.045312
0 0.005469 0.018750 0.010937 0.037500
0 0.003125 0.025000 0.006250 0.050000
0 0.003906 0.017188 0.007812 0.034375
0 0.003906 0.018750 0.007812 0.037500
0 0.003906 0.017188 0.007031 0.034375
0 0.004687 0.028125 0.009375 0.056250
0 0.005469 0.020313 0.010156 0.040625
0 0.007031 0.025000 0.014063 0.050000
0 0.004687 0.027344 0.008594 0.054688
0 0.008594 0.026562 0.016406 0.053125
0 0.007812 0.028125 0.015625 0.056250
0 0.008594 0.028125 0.017188 0.056250
0 0.008594 0.025781 0.017188 0.051562
0 0.010937 0.025000 0.021875 0.050000
0 0.007812 0.027344 0.015625 0.054688
0 0.007031 0.026562 0.014063 0.053125
0 0.009375 0.025781 0.018750 0.051562
0 0.007812 0.024219 0.015625 0.048438
0 0.007031 0.024219 0.014063 0.048438
0 0.006250 0.025000 0.012500 0.050000
0 0.005469 0.023438 0.010937 0.046875
0 0.004687 0.020313 0.009375 0.040625
0 0.007031 0.020313 0.014063 0.040625
0 0.006250 0.025000 0.011719 0.050000
0 0.005469 0.018750 0.010156 0.037500
0 0.009375 0.030469 0.018750 0.060937
0 0.005469 0.022656 0.010156 0.045312
0 0.005469 0.021875 0.010156 0.043750
0 0.006250 0.022656 0.012500 0.045312
0 0.006250 0.023438 0.012500 0.046094
0 0.005469 0.025000 0.010937 0.050000
0 0.005469 0.024219 0.010937 0.048438
0 0.008594 0.027344 0.016406 0.054688
0 0.007031 0.025000 0.013281 0.050000
0 0.007031 0.026562 0.014063 0.052344
0 0.007031 0.021875 0.013281 0.043750
0 0.007812 0.025781 0.015625 0.051562
0 0.006250 0.024219 0.011719 0.048438
0 0.005469 0.020313 0.010937 0.040625
0 0.005469 0.017188 0.010937 0.034375
0 0.003125 0.021094 0.006250 0.042188
0 0.003906 0.016406 0.007812 0.032813
0 0.003906 0.018750 0.007031 0.036719
0 0.003125 0.014844 0.006250 0.029687
0 0.004687 0.015625 0.008594 0.031250
0 0.006250 0.017969 0.011719 0.035937
0 0.003125 0.018750 0.006250 0.037500
0 0.004687 0.017969 0.009375 0.035937
0 0.004687 0.021875 0.008594 0.042969
0 0.003906 0.021875 0.007812 0.043750
0 0.005469 0.021094 0.010156 0.042188
0 0.006250 0.021875 0.012500 0.043750
0 0.005469 0.025000 0.010156 0.050000
0 0.003906 0.024219 0.007812 0.048438
0 0.005469 0.017188 0.010156 0.033594
0 0.003906 0.014844 0.007812 0.029687
0 0.004687 0.017188 0.009375 0.034375
0 0.003906 0.015625 0.007031 0.031250
0 0.003906 0.022656 0.007031 0.045312
0 0.004687 0.016406 0.008594 0.032813
0 0.004687 0.021875 0.008594 0.043750
0 0.003906 0.018750 0.007031 0.037500
0 0.010937 0.019531 0.021875 0.039062
0 0.003906 0.022656 0.007812 0.045312
0 0.003125 0.022656 0.006250 0.045312
0 0.003906 0.015625 0.007812 0.031250
0 0.003125 0.021875 0.006250 0.043750
0 0.005469 0.024219 0.010156 0.048438
0 0.004687 0.024219 0.009375 0.048438
0 0.006250 0.026562 0.011719 0.053125
0 0.004687 0.025781 0.009375 0.051562
0 0.006250 0.026562 0.012500 0.053125
0 0.005469 0.035156 0.010937 0.070312
0 0.005469 0.036719 0.010156 0.073438
0 0.005469 0.035937 0.010156 0.071875
0 0.007031 0.037500 0.014063 0.075000
0 0.006250 0.036719 0.012500 0.073438
0 0.006250 0.039062 0.012500 0.078125
0 0.006250 0.035156 0.012500 0.070312
0 0.007031 0.039844 0.013281 0.079687
0 0.006250 0.021094 0.011719 0.042188
0 0.006250 0.018750 0.011719 0.037500
0 0.007812 0.023438 0.015625 0.046875
0 0.007812 0.037500 0.014844 0.075000
0 0.009375 0.034375 0.018750 0.068750
0 0.007812 0.029687 0.015625 0.059375
0 0.008594 0.025000 0.016406 0.050000
0 0.007812 0.028125 0.015625 0.055469
0 0.007031 0.028125 0.013281 0.055469
0 0.006250 0.021875 0.011719 0.043750
0 0.006250 0.028125 0.011719 0.056250
0 0.004687 0.027344 0.009375 0.054688
0 0.005469 0.025781 0.010937 0.051562
0 0.007031 0.040625 0.013281 0.080469
0 0.007812 0.041406 0.015625 0.082812
0 0.004687 0.025000 0.009375 0.050000
0 0.004687 0.022656 0.009375 0.045312
0 0.007031 0.025781 0.013281 0.051562
0 0.007812 0.040625 0.015625 0.081250
0 0.004687 0.023438 0.009375 0.046875
0 0.004687 0.023438 0.008594 0.046875
0 0.006250 0.022656 0.011719 0.045312
0 0.004687 0.022656 0.008594 0.045312
0 0.005469 0.026562 0.010156 0.053125
0 0.006250 0.025000 0.012500 0.049219
0 0.007812 0.028125 0.014844 0.056250
0 0.007812 0.040625 0.014844 0.081250
0 0.008594 0.039844 0.016406 0.079687
0 0.006250 0.038281 0.011719 0.076563
0 0.008594 0.039062 0.016406 0.078125
0 0.010156 0.031250 0.020313 0.062500
0 0.009375 0.034375 0.017969 0.068750
0 0.005469 0.026562 0.010937 0.053125
0 0.009375 0.031250 0.018750 0.062500
0 0.006250 0.032813 0.012500 0.065625
0 0.010937 0.032813 0.021875 0.064844
0 0.007812 0.030469 0.014844 0.060937
0 0.008594 0.029687 0.017188 0.059375
0 0.009375 0.030469 0.017969 0.060937
