0 0.005469 0.010937 0.010937 0.021875
0 0.005469 0.012500 0.010937 0.025000
0 0.007031 0.007812 0.014063 0.015625
0 0.008594 0.009375 0.017188 0.018750
0 0.008594 0.013281 0.017188 0.025781
0 0.007031 0.013281 0.014063 0.026562
0 0.013281 0.011719 0.026562 0.023438
0 0.008594 0.010156 0.017188 0.020313
0 0.010156 0.007812 0.020313 0.015625
0 0.014063 0.007031 0.028125 0.013281
0 0.007812 0.016406 0.015625 0.032813
0 0.007812 0.012500 0.015625 0.024219
0 0.007031 0.011719 0.014063 0.022656
0 0.006250 0.012500 0.011719 0.025000
0 0.006250 0.011719 0.012500 0.022656
0 0.007031 0.012500 0.014063 0.025000
0 0.005469 0.011719 0.010937 0.023438
0 0.006250 0.010937 0.012500 0.021875
0 0.004687 0.010156 0.009375 0.020313
0 0.014063 0.010937 0.028125 0.021875
0 0.006250 0.015625 0.012500 0.031250
0 0.004687 0.014844 0.009375 0.029687
0 0.005469 0.014063 0.010937 0.028125
0 0.008594 0.012500 0.017188 0.025000
0 0.009375 0.013281 0.018750 0.026562
0 0.006250 0.011719 0.012500 0.023438
0 0.007031 0.015625 0.014063 0.031250
0 0.011719 0.012500 0.023438 0.025000
0 0.013281 0.012500 0.026562 0.024219
0 0.007031 0.011719 0.014063 0.023438
0 0.013281 0.012500 0.026562 0.025000
0 0.012500 0.012500 0.025000 0.024219
0 0.014844 0.012500 0.029687 0.024219
0 0.009375 0.005469 0.018750 0.010937
0 0.007031 0.005469 0.014063 0.010937
0 0.007031 0.012500 0.014063 0.024219
0 0.004687 0.016406 0.009375 0.032813
0 0.007031 0.016406 0.014063 0.032031
0 0.012500 0.008594 0.025000 0.017188
0 0.010937 0.012500 0.021875 0.025000
0 0.011719 0.012500 0.023438 0.024219
0 0.008594 0.013281 0.017188 0.026562
0 0.010156 0.013281 0.020313 0.026562
0 0.007812 0.013281 0.015625 0.026562
0 0.014844 0.007031 0.029687 0.014063
0 0.010937 0.009375 0.021875 0.017969
0 0.017188 0.012500 0.034375 0.025000
0 0.010156 0.010156 0.020313 0.020313
0 0.014063 0.011719 0.028125 0.023438
0 0.012500 0.011719 0.025000 0.022656
0 0.014844 0.011719 0.029687 0.023438
0 0.005469 0.013281 0.010937 0.025781
0 0.004687 0.010937 0.009375 0.021875
0 0.007031 0.017188 0.014063 0.034375
0 0.017188 0.017188 0.034375 0.033594
0 0.012500 0.010937 0.025000 0.021094
0 0.012500 0.013281 0.025000 0.025781
0 0.012500 0.015625 0.025000 0.031250
0 0.007812 0.017188 0.015625 0.033594
0 0.008594 0.017188 0.017188 0.034375
0 0.006250 0.016406 0.012500 0.032031
0 0.007031 0.017188 0.014063 0.033594
0 0.006250 0.017188 0.012500 0.034375
0 0.013281 0.007812 0.026562 0.014844
0 0.005469 0.017188 0.010937 0.033594
0 0.017188 0.017188 0.033594 0.034375
0 0.016406 0.012500 0.032813 0.024219
0 0.017969 0.012500 0.035937 0.024219
0 0.010156 0.014844 0.020313 0.028906
0 0.010156 0.012500 0.020313 0.025000
0 0.014063 0.002344 0.028125 0.004687
0 0.010937 0.011719 0.021875 0.023438
0 0.014844 0.017969 0.029687 0.035156
0 0.012500 0.007812 0.025000 0.015625
0 0.012500 0.007031 0.025000 0.014063
0 0.010937 0.007031 0.021875 0.014063
0 0.010937 0.007812 0.021875 0.015625
0 0.014063 0.007031 0.028125 0.014063
0 0.013281 0.007031 0.026562 0.014063
0 0.013281 0.007812 0.026562 0.015625
0 0.013281 0.007031 0.026562 0.013281
0 0.006250 0.007812 0.012500 0.014844
0 0.011719 0.008594 0.023438 0.016406
0 0.012500 0.008594 0.024219 0.016406
0 0.012500 0.008594 0.025000 0.016406
0 0.014063 0.007812 0.027344 0.015625
0 0.007812 0.014063 0.015625 0.028125
0 0.007031 0.014063 0.014063 0.027344
0 0.007812 0.014063 0.015625 0.027344
0 0.012500 0.007812 0.025000 0.014844
0 0.011719 0.008594 0.023438 0.017188
0 0.010937 0.007812 0.021875 0.014844
0 0.015625 0.007031 0.031250 0.014063
0 0.014844 0.010156 0.029687 0.020313
0 0.010937 0.002344 0.021875 0.004687
0 0.011719 0.010937 0.023438 0.021094
0 0.013281 0.002344 0.026562 0.004687
0 0.009375 0.003125 0.018750 0.006250
0 0.009375 0.003906 0.017969 0.007031
0 0.011719 0.007812 0.023438 0.015625
0 0.012500 0.014844 0.025000 0.029687
0 0.010156 0.014844 0.020313 0.029687
0 0.011719 0.014844 0.023438 0.029687
0 0.011719 0.010156 0.023438 0.020313
0 0.012500 0.011719 0.025000 0.023438
0 0.006250 0.014063 0.012500 0.027344
0 0.011719 0.007812 0.023438 0.014844
0 0.014063 0.007812 0.027344 0.014844
0 0.013281 0.009375 0.026562 0.017969
0 0.008594 0.007031 0.017188 0.014063
0 0.009375 0.006250 0.018750 0.012500
0 0.011719 0.009375 0.023438 0.018750
0 0.011719 0.010156 0.023438 0.019531
0 0.010937 0.008594 0.021875 0.017188
0 0.013281 0.006250 0.026562 0.012500
0 0.013281 0.008594 0.026562 0.017188
0 0.009375 0.009375 0.017969 0.018750
0 0.007812 0.007031 0.015625 0.014063
0 0.011719 0.002344 0.023438 0.004687
0 0.012500 0.002344 0.025000 0.004687
0 0.009375 0.009375 0.018750 0.018750
0 0.007812 0.012500 0.015625 0.025000
0 0.007812 0.007812 0.015625 0.014844
0 0.003906 0.010156 0.007812 0.020313
0 0.006250 0.013281 0.012500 0.025781
0 0.008594 0.008594 0.017188 0.016406
0 0.005469 0.011719 0.010937 0.022656
0 0.014063 0.007812 0.028125 0.014844
