0 0.013281 0.011719 0.026562 0.023438
0 0.018750 0.015625 0.037500 0.031250
0 0.021094 0.016406 0.042188 0.032813
0 0.021875 0.013281 0.043750 0.026562
0 0.010156 0.014063 0.020313 0.028125
0 0.011719 0.011719 0.023438 0.023438
0 0.010156 0.011719 0.019531 0.023438
0 0.010937 0.017188 0.021875 0.034375
0 0.014844 0.014844 0.029687 0.029687
0 0.015625 0.014063 0.031250 0.028125
0 0.013281 0.013281 0.025781 0.026562
0 0.011719 0.011719 0.022656 0.023438
0 0.014844 0.012500 0.029687 0.025000
0 0.016406 0.012500 0.032813 0.025000
0 0.013281 0.013281 0.026562 0.026562
0 0.017188 0.014063 0.033594 0.028125
0 0.014063 0.017188 0.027344 0.034375
0 0.013281 0.017188 0.026562 0.033594
0 0.012500 0.017188 0.025000 0.034375
0 0.010937 0.016406 0.021875 0.032813
0 0.017969 0.010937 0.035937 0.021094
0 0.019531 0.012500 0.039062 0.025000
0 0.014844 0.013281 0.029687 0.025781
0 0.017969 0.014063 0.035937 0.028125
0 0.021094 0.010937 0.042188 0.021875
0 0.014844 0.011719 0.029687 0.023438
0 0.013281 0.014063 0.026562 0.028125
0 0.010937 0.014844 0.021094 0.029687
0 0.016406 0.019531 0.032031 0.039062
0 0.016406 0.016406 0.032031 0.032813
0 0.030469 0.033594 0.060937 0.067187
0 0.011719 0.035937 0.023438 0.071875
0 0.006250 0.041406 0.012500 0.082812
0 0.016406 0.010156 0.032813 0.020313
0 0.015625 0.011719 0.030469 0.023438
0 0.021875 0.014063 0.043750 0.027344
0 0.014844 0.010937 0.029687 0.021875
0 0.022656 0.010937 0.045312 0.021875
0 0.017969 0.008594 0.035937 0.016406
0 0.019531 0.017188 0.038281 0.034375
0 0.015625 0.017188 0.031250 0.034375
0 0.018750 0.014844 0.037500 0.029687
0 0.012500 0.012500 0.025000 0.025000
0 0.012500 0.010937 0.025000 0.021875
0 0.012500 0.011719 0.024219 0.023438
0 0.014063 0.010937 0.027344 0.021875
0 0.016406 0.018750 0.032813 0.037500
0 0.017969 0.017969 0.035937 0.035156
0 0.016406 0.013281 0.032813 0.026562
0 0.016406 0.014063 0.032813 0.028125
0 0.018750 0.021094 0.036719 0.042188
0 0.017188 0.020313 0.034375 0.040625
0 0.017969 0.017969 0.035156 0.035937
0 0.016406 0.017188 0.032813 0.034375
0 0.013281 0.012500 0.026562 0.025000
0 0.014844 0.015625 0.029687 0.031250
0 0.013281 0.008594 0.026562 0.017188
0 0.018750 0.018750 0.037500 0.037500
0 0.017969 0.020313 0.035937 0.040625
0 0.011719 0.018750 0.022656 0.036719
0 0.009375 0.017969 0.018750 0.035156
0 0.018750 0.017969 0.037500 0.035937
0 0.017969 0.018750 0.035937 0.037500
0 0.018750 0.018750 0.037500 0.036719
0 0.017969 0.014063 0.035937 0.027344
0 0.033594 0.012500 0.067187 0.025000
0 0.017969 0.010937 0.035937 0.021875
0 0.014063 0.014844 0.028125 0.029687
0 0.017969 0.015625 0.035937 0.031250
0 0.026562 0.012500 0.053125 0.024219
0 0.033594 0.017969 0.066406 0.035937
0 0.018750 0.014063 0.037500 0.027344
0 0.026562 0.018750 0.053125 0.037500
0 0.013281 0.009375 0.026562 0.018750
0 0.012500 0.015625 0.025000 0.031250
0 0.012500 0.016406 0.025000 0.032813
0 0.011719 0.012500 0.023438 0.025000
0 0.012500 0.011719 0.025000 0.023438
0 0.012500 0.012500 0.024219 0.025000
0 0.012500 0.010156 0.025000 0.020313
0 0.016406 0.016406 0.032813 0.032031
0 0.013281 0.014063 0.025781 0.027344
0 0.013281 0.010937 0.025781 0.021875
0 0.014063 0.013281 0.028125 0.026562
0 0.015625 0.010156 0.031250 0.020313
0 0.016406 0.017969 0.032813 0.035937
