0 0.008594 0.016406 0.017188 0.032813
0 0.007812 0.013281 0.015625 0.025781
0 0.007812 0.013281 0.015625 0.026562
0 0.010937 0.011719 0.021875 0.022656
0 0.007031 0.010156 0.014063 0.020313
0 0.010156 0.011719 0.020313 0.023438
0 0.010156 0.011719 0.019531 0.022656
0 0.008594 0.013281 0.017188 0.026562
0 0.010937 0.013281 0.021875 0.026562
0 0.007812 0.012500 0.015625 0.025000
0 0.006250 0.012500 0.012500 0.025000
0 0.007812 0.014063 0.015625 0.028125
0 0.007812 0.014844 0.014844 0.028906
0 0.006250 0.013281 0.011719 0.026562
0 0.007031 0.011719 0.014063 0.022656
0 0.007031 0.012500 0.014063 0.025000
0 0.008594 0.012500 0.017188 0.025000
0 0.007031 0.013281 0.014063 0.026562
0 0.007031 0.010937 0.014063 0.021875
0 0.006250 0.007812 0.012500 0.015625
0 0.007812 0.015625 0.015625 0.031250
0 0.010937 0.014063 0.021875 0.028125
0 0.014063 0.021094 0.028125 0.042188
0 0.016406 0.017188 0.032813 0.034375
0 0.014844 0.019531 0.029687 0.038281
0 0.014844 0.019531 0.028906 0.038281
0 0.017188 0.017188 0.034375 0.034375
0 0.014063 0.014063 0.028125 0.028125
0 0.007031 0.010937 0.013281 0.021094
0 0.006250 0.010937 0.011719 0.021875
0 0.010156 0.018750 0.020313 0.037500
0 0.011719 0.018750 0.023438 0.036719
0 0.012500 0.014063 0.025000 0.027344
0 0.007031 0.009375 0.014063 0.018750
0 0.006250 0.010937 0.012500 0.021875
0 0.014844 0.015625 0.029687 0.031250
0 0.011719 0.018750 0.022656 0.036719
0 0.014844 0.018750 0.028906 0.036719
0 0.014844 0.014844 0.029687 0.028906
0 0.006250 0.014844 0.011719 0.028906
0 0.008594 0.017969 0.017188 0.035937
0 0.010156 0.010937 0.020313 0.021875
0 0.009375 0.017969 0.018750 0.035937
0 0.010156 0.017969 0.020313 0.035937
0 0.010156 0.014063 0.020313 0.028125
0 0.009375 0.015625 0.018750 0.031250
0 0.006250 0.014063 0.011719 0.027344
0 0.014063 0.019531 0.027344 0.039062
0 0.015625 0.017188 0.031250 0.034375
0 0.010937 0.016406 0.021875 0.032031
0 0.010937 0.013281 0.021875 0.025781
0 0.010937 0.016406 0.021875 0.032813
0 0.013281 0.017188 0.026562 0.034375
0 0.013281 0.014844 0.026562 0.029687
0 0.013281 0.016406 0.026562 0.032813
0 0.016406 0.014844 0.032813 0.029687
0 0.006250 0.011719 0.011719 0.023438
0 0.009375 0.012500 0.018750 0.025000
0 0.003125 0.020313 0.006250 0.040625
0 0.004687 0.019531 0.009375 0.038281
0 0.003125 0.017969 0.006250 0.035937
0 0.003906 0.017188 0.007031 0.034375
0 0.003906 0.017969 0.007812 0.035937
0 0.003906 0.018750 0.007812 0.037500
0 0.003125 0.018750 0.006250 0.037500
0 0.003906 0.013281 0.007031 0.026562
0 0.003906 0.013281 0.007031 0.025781
0 0.003906 0.012500 0.007812 0.025000
0 0.003125 0.011719 0.006250 0.023438
0 0.003906 0.011719 0.007031 0.023438
0 0.003906 0.010937 0.007812 0.021875
0 0.003125 0.013281 0.006250 0.026562
0 0.003125 0.011719 0.005469 0.023438
0 0.002344 0.012500 0.004687 0.025000
0 0.003125 0.010937 0.006250 0.021875
0 0.003125 0.010156 0.006250 0.020313
0 0.003125 0.012500 0.006250 0.025000
0 0.003906 0.019531 0.007812 0.038281
0 0.004687 0.017969 0.009375 0.035937
0 0.007031 0.033594 0.014063 0.067187
0 0.006250 0.031250 0.012500 0.061719
0 0.004687 0.035156 0.009375 0.070312
0 0.007031 0.039844 0.014063 0.079687
0 0.006250 0.039062 0.012500 0.078125
0 0.007031 0.039062 0.014063 0.078125
0 0.009375 0.042188 0.018750 0.084375
0 0.007031 0.042969 0.014063 0.085938
0 0.007812 0.042969 0.015625 0.085156
0 0.007812 0.044531 0.015625 0.089063
0 0.003906 0.011719 0.007812 0.022656
0 0.009375 0.041406 0.018750 0.082812
0 0.010937 0.047656 0.021875 0.095312
0 0.010156 0.050781 0.020313 0.101562
0 0.010937 0.048438 0.021875 0.096875
0 0.013281 0.050000 0.026562 0.100000
0 0.012500 0.050781 0.025000 0.101562
0 0.012500 0.052344 0.024219 0.104688
0 0.014844 0.050781 0.029687 0.101562
0 0.003906 0.020313 0.007812 0.039844
0 0.002344 0.015625 0.004687 0.031250
0 0.003906 0.015625 0.007031 0.031250
0 0.009375 0.048438 0.017969 0.096875
0 0.003906 0.013281 0.007812 0.025781
0 0.003906 0.011719 0.007812 0.023438
0 0.011719 0.052344 0.022656 0.104688
0 0.017188 0.012500 0.034375 0.025000
0 0.006250 0.011719 0.012500 0.023438
0 0.007031 0.013281 0.014063 0.025781
0 0.009375 0.011719 0.017969 0.022656
0 0.009375 0.014844 0.018750 0.028906
0 0.011719 0.046875 0.023438 0.092969
0 0.010156 0.013281 0.020313 0.026562
0 0.009375 0.013281 0.017969 0.025781
0 0.009375 0.014063 0.018750 0.027344
0 0.009375 0.013281 0.018750 0.026562
0 0.007031 0.014844 0.014063 0.029687
0 0.010156 0.014063 0.020313 0.027344
0 0.008594 0.016406 0.016406 0.032813
0 0.010156 0.016406 0.020313 0.032813
0 0.008594 0.015625 0.017188 0.031250
0 0.012500 0.017188 0.025000 0.034375
0 0.012500 0.045312 0.025000 0.090625
0 0.008594 0.048438 0.017188 0.096875
0 0.004687 0.012500 0.009375 0.025000
0 0.003906 0.013281 0.007812 0.026562
0 0.004687 0.013281 0.009375 0.026562
0 0.004687 0.011719 0.009375 0.023438
0 0.003125 0.014063 0.006250 0.027344
0 0.011719 0.050781 0.023438 0.101562
0 0.003906 0.010156 0.007031 0.020313
0 0.003125 0.011719 0.006250 0.022656
0 0.007812 0.042969 0.015625 0.085938
0 0.009375 0.046094 0.018750 0.092188
0 0.009375 0.046875 0.018750 0.093750
