0 0.010156 0.007812 0.019531 0.015625
0 0.009375 0.007812 0.018750 0.015625
0 0.010937 0.007812 0.021875 0.015625
0 0.009375 0.007031 0.017969 0.014063
0 0.009375 0.007812 0.017969 0.015625
0 0.007031 0.007031 0.013281 0.013281
0 0.007812 0.006250 0.015625 0.012500
0 0.007031 0.006250 0.014063 0.012500
0 0.007031 0.005469 0.014063 0.010937
0 0.007812 0.007031 0.015625 0.013281
0 0.008594 0.007812 0.017188 0.015625
0 0.010937 0.008594 0.021875 0.017188
0 0.003906 0.012500 0.007812 0.025000
0 0.011719 0.007812 0.022656 0.015625
0 0.008594 0.022656 0.017188 0.045312
0 0.002344 0.012500 0.004687 0.025000
0 0.008594 0.006250 0.016406 0.011719
0 0.003906 0.013281 0.007031 0.026562
0 0.003125 0.013281 0.006250 0.026562
0 0.003906 0.014063 0.007031 0.027344
0 0.005469 0.014063 0.010156 0.027344
0 0.003125 0.012500 0.005469 0.025000
0 0.003125 0.011719 0.006250 0.023438
0 0.013281 0.010156 0.026562 0.020313
0 0.009375 0.011719 0.017969 0.022656
0 0.014063 0.009375 0.028125 0.018750
0 0.015625 0.010937 0.031250 0.021875
0 0.014844 0.009375 0.029687 0.018750
0 0.015625 0.010937 0.031250 0.021094
0 0.014063 0.009375 0.028125 0.017969
0 0.013281 0.009375 0.026562 0.018750
0 0.011719 0.008594 0.023438 0.017188
0 0.012500 0.009375 0.025000 0.018750
0 0.009375 0.007031 0.017969 0.013281
0 0.014063 0.007031 0.028125 0.014063
0 0.011719 0.006250 0.023438 0.012500
0 0.012500 0.007031 0.025000 0.014063
0 0.010937 0.006250 0.021875 0.012500
0 0.010937 0.006250 0.021094 0.012500
0 0.011719 0.007031 0.023438 0.014063
0 0.009375 0.005469 0.018750 0.010937
0 0.010156 0.005469 0.020313 0.010937
0 0.009375 0.006250 0.018750 0.011719
0 0.010937 0.005469 0.021875 0.010156
0 0.010156 0.006250 0.020313 0.012500
0 0.007812 0.004687 0.015625 0.009375
0 0.008594 0.022656 0.016406 0.045312
0 0.006250 0.005469 0.012500 0.010937
0 0.006250 0.006250 0.011719 0.012500
0 0.002344 0.010937 0.003906 0.021875
0 0.003906 0.010937 0.007812 0.021094
0 0.005469 0.005469 0.010937 0.010937
0 0.006250 0.005469 0.011719 0.010937
0 0.007031 0.006250 0.014063 0.011719
0 0.015625 0.007031 0.030469 0.014063
0 0.016406 0.009375 0.032813 0.017969
0 0.015625 0.008594 0.031250 0.016406
0 0.013281 0.007031 0.026562 0.014063
0 0.014063 0.006250 0.028125 0.012500
0 0.014844 0.006250 0.028906 0.012500
0 0.014063 0.007812 0.027344 0.015625
0 0.008594 0.021875 0.017188 0.043750
0 0.003906 0.007031 0.007812 0.014063
0 0.023438 0.020313 0.046875 0.040625
0 0.008594 0.005469 0.017188 0.010937
0 0.010156 0.006250 0.019531 0.012500
0 0.003125 0.007031 0.006250 0.014063
0 0.007812 0.005469 0.015625 0.010937
0 0.005469 0.004687 0.010937 0.009375
0 0.007031 0.004687 0.014063 0.009375
0 0.007812 0.021875 0.014844 0.043750
0 0.007031 0.005469 0.014063 0.010156
0 0.006250 0.004687 0.011719 0.009375
0 0.006250 0.003906 0.012500 0.007812
0 0.007031 0.004687 0.013281 0.009375
0 0.006250 0.005469 0.012500 0.010156
0 0.005469 0.003906 0.010937 0.007812
0 0.006250 0.004687 0.012500 0.009375
0 0.009375 0.005469 0.017969 0.010937
0 0.004687 0.007031 0.008594 0.014063
0 0.006250 0.018750 0.012500 0.036719
0 0.004687 0.020313 0.009375 0.040625
0 0.006250 0.019531 0.012500 0.038281
0 0.005469 0.020313 0.010937 0.040625
0 0.007031 0.021094 0.014063 0.042188
0 0.009375 0.021094 0.018750 0.042188
0 0.009375 0.021875 0.018750 0.043750
0 0.010156 0.025781 0.019531 0.051562
0 0.010156 0.025000 0.020313 0.050000
0 0.009375 0.026562 0.018750 0.053125
0 0.010937 0.025000 0.021875 0.050000
0 0.010156 0.005469 0.019531 0.010937
0 0.012500 0.028125 0.025000 0.056250
0 0.012500 0.026562 0.025000 0.053125
0 0.014063 0.025000 0.028125 0.050000
0 0.016406 0.025000 0.032813 0.050000
0 0.003906 0.006250 0.007031 0.011719
0 0.003906 0.006250 0.007031 0.012500
0 0.003906 0.006250 0.007812 0.012500
0 0.003906 0.007031 0.007031 0.014063
0 0.004687 0.007031 0.009375 0.014063
0 0.003906 0.007031 0.007812 0.013281
0 0.011719 0.026562 0.023438 0.053125
0 0.004687 0.004687 0.009375 0.009375
0 0.003906 0.004687 0.007812 0.009375
0 0.003906 0.007812 0.007031 0.014844
0 0.003906 0.007812 0.007812 0.015625
0 0.005469 0.007812 0.010937 0.015625
0 0.017188 0.014844 0.034375 0.029687
0 0.014844 0.014063 0.029687 0.028125
0 0.003906 0.007031 0.007031 0.013281
