0 0.011719 0.022656 0.023438 0.045312
0 0.011719 0.014844 0.023438 0.028906
0 0.010156 0.013281 0.020313 0.026562
0 0.009375 0.017188 0.017969 0.034375
0 0.010156 0.012500 0.020313 0.025000
0 0.010937 0.013281 0.021875 0.026562
0 0.011719 0.019531 0.022656 0.039062
0 0.010156 0.014844 0.020313 0.029687
0 0.010937 0.021875 0.021875 0.043750
0 0.010937 0.014844 0.021875 0.029687
0 0.011719 0.017188 0.023438 0.034375
0 0.011719 0.021094 0.022656 0.042188
0 0.007812 0.015625 0.014844 0.030469
0 0.007812 0.008594 0.015625 0.017188
0 0.020313 0.013281 0.040625 0.026562
0 0.008594 0.011719 0.016406 0.023438
0 0.010937 0.016406 0.021094 0.032813
0 0.011719 0.012500 0.023438 0.025000
0 0.019531 0.013281 0.039062 0.026562
0 0.020313 0.012500 0.040625 0.024219
0 0.020313 0.014063 0.040625 0.028125
0 0.008594 0.021094 0.017188 0.042188
0 0.011719 0.023438 0.023438 0.046875
0 0.007031 0.014063 0.014063 0.028125
0 0.011719 0.014844 0.023438 0.029687
0 0.012500 0.014844 0.025000 0.029687
0 0.009375 0.014063 0.018750 0.028125
0 0.017188 0.013281 0.034375 0.025781
0 0.017188 0.014063 0.034375 0.028125
0 0.013281 0.022656 0.026562 0.045312
0 0.013281 0.014844 0.025781 0.028906
0 0.017969 0.014063 0.035937 0.028125
0 0.017188 0.016406 0.034375 0.032031
0 0.017969 0.031250 0.035937 0.062500
0 0.017188 0.021875 0.034375 0.043750
0 0.018750 0.023438 0.036719 0.046875
0 0.014063 0.017188 0.028125 0.034375
0 0.007812 0.017969 0.014844 0.035156
0 0.009375 0.017969 0.018750 0.035156
0 0.010937 0.017969 0.021875 0.035156
0 0.016406 0.015625 0.032813 0.031250
0 0.016406 0.014063 0.032031 0.027344
0 0.016406 0.016406 0.032031 0.032031
0 0.017188 0.014844 0.034375 0.029687
0 0.014844 0.017188 0.028906 0.034375
0 0.015625 0.014063 0.031250 0.027344
0 0.019531 0.017188 0.039062 0.034375
0 0.014844 0.017188 0.029687 0.034375
0 0.017969 0.014063 0.035156 0.028125
0 0.017969 0.015625 0.035937 0.030469
0 0.016406 0.014844 0.032813 0.029687
0 0.017188 0.016406 0.034375 0.032813
0 0.016406 0.016406 0.032813 0.032031
0 0.016406 0.017188 0.032813 0.034375
0 0.021094 0.014844 0.042188 0.029687
0 0.018750 0.015625 0.037500 0.031250
0 0.019531 0.017188 0.039062 0.033594
0 0.018750 0.016406 0.036719 0.032031
0 0.017188 0.017969 0.034375 0.035937
0 0.018750 0.017969 0.037500 0.035937
0 0.018750 0.014063 0.037500 0.028125
0 0.021094 0.015625 0.042188 0.031250
0 0.014063 0.014063 0.028125 0.028125
0 0.021875 0.014063 0.043750 0.028125
0 0.010156 0.016406 0.020313 0.032031
0 0.010156 0.015625 0.020313 0.031250
0 0.010156 0.015625 0.019531 0.031250
0 0.011719 0.016406 0.022656 0.032813
0 0.010937 0.013281 0.021094 0.026562
0 0.010937 0.017188 0.021875 0.034375
0 0.017969 0.013281 0.035937 0.026562
0 0.021875 0.013281 0.043750 0.025781
0 0.017969 0.014844 0.035937 0.029687
0 0.016406 0.012500 0.032813 0.025000
0 0.015625 0.014063 0.031250 0.028125
0 0.016406 0.014063 0.032031 0.028125
0 0.017969 0.012500 0.035937 0.025000
0 0.007031 0.020313 0.014063 0.040625
0 0.009375 0.021094 0.018750 0.041406
0 0.009375 0.021875 0.018750 0.043750
0 0.010156 0.017188 0.020313 0.034375
0 0.017188 0.015625 0.034375 0.031250
0 0.004687 0.016406 0.009375 0.032813
0 0.007812 0.017969 0.015625 0.035937
0 0.011719 0.014063 0.022656 0.028125
0 0.013281 0.014063 0.026562 0.028125
0 0.014063 0.014844 0.028125 0.028906
0 0.017188 0.017188 0.033594 0.034375
0 0.011719 0.021875 0.022656 0.043750
0 0.007812 0.016406 0.015625 0.032813
0 0.007812 0.016406 0.015625 0.032031
0 0.007031 0.017969 0.014063 0.035937
0 0.007031 0.015625 0.014063 0.031250
0 0.017969 0.017188 0.035937 0.034375
0 0.015625 0.015625 0.031250 0.030469
0 0.011719 0.015625 0.023438 0.031250
0 0.019531 0.016406 0.039062 0.032813
0 0.017188 0.017188 0.034375 0.034375
0 0.018750 0.017969 0.037500 0.035156
0 0.014063 0.016406 0.028125 0.032813
0 0.012500 0.015625 0.025000 0.031250
