0 0.004687 0.023438 0.009375 0.046875
0 0.010156 0.012500 0.020313 0.025000
0 0.010937 0.014063 0.021875 0.027344
0 0.011719 0.014063 0.023438 0.028125
0 0.011719 0.015625 0.023438 0.031250
0 0.014063 0.015625 0.028125 0.031250
0 0.005469 0.017969 0.010937 0.035937
0 0.003125 0.018750 0.006250 0.037500
0 0.003906 0.024219 0.007812 0.048438
0 0.003125 0.017969 0.005469 0.035156
0 0.003125 0.018750 0.005469 0.036719
0 0.010937 0.011719 0.021875 0.023438
0 0.010156 0.013281 0.020313 0.026562
0 0.009375 0.010156 0.018750 0.019531
0 0.006250 0.010937 0.012500 0.021094
0 0.005469 0.010937 0.010937 0.021094
0 0.006250 0.010156 0.012500 0.019531
0 0.003906 0.010156 0.007812 0.020313
0 0.003906 0.017969 0.007812 0.035156
0 0.008594 0.010937 0.016406 0.021094
0 0.007812 0.010937 0.015625 0.021875
0 0.005469 0.010156 0.010156 0.020313
0 0.005469 0.008594 0.010937 0.017188
0 0.005469 0.007812 0.010937 0.015625
0 0.007812 0.008594 0.015625 0.017188
0 0.008594 0.008594 0.017188 0.017188
0 0.007812 0.012500 0.015625 0.025000
0 0.007031 0.010937 0.014063 0.021875
0 0.005469 0.009375 0.010937 0.018750
0 0.006250 0.007812 0.012500 0.015625
0 0.007812 0.010156 0.015625 0.019531
0 0.006250 0.034375 0.012500 0.068750
0 0.003906 0.018750 0.007812 0.037500
0 0.003906 0.025000 0.007812 0.050000
0 0.013281 0.014844 0.026562 0.029687
0 0.004687 0.024219 0.009375 0.048438
0 0.003125 0.023438 0.006250 0.046875
0 0.003125 0.022656 0.006250 0.045312
0 0.005469 0.025781 0.010156 0.051562
0 0.003125 0.028906 0.006250 0.057813
0 0.004687 0.030469 0.009375 0.060937
0 0.004687 0.029687 0.009375 0.059375
0 0.005469 0.030469 0.010937 0.060156
0 0.005469 0.032031 0.010156 0.064062
0 0.007031 0.032813 0.014063 0.065625
0 0.006250 0.033594 0.011719 0.067187
0 0.004687 0.019531 0.009375 0.039062
0 0.003125 0.023438 0.006250 0.046094
0 0.008594 0.028125 0.017188 0.056250
0 0.007031 0.028125 0.014063 0.056250
0 0.006250 0.025000 0.012500 0.050000
0 0.005469 0.026562 0.010937 0.053125
0 0.007031 0.036719 0.014063 0.073438
0 0.009375 0.039062 0.018750 0.078125
0 0.006250 0.037500 0.011719 0.075000
0 0.004687 0.035937 0.009375 0.071094
0 0.006250 0.039844 0.012500 0.078906
0 0.005469 0.023438 0.010937 0.046875
0 0.005469 0.020313 0.010937 0.040625
0 0.004687 0.020313 0.009375 0.040625
0 0.004687 0.020313 0.009375 0.039844
0 0.002344 0.021875 0.004687 0.043750
0 0.013281 0.013281 0.026562 0.025781
0 0.005469 0.025000 0.010937 0.049219
0 0.005469 0.007031 0.010937 0.014063
0 0.009375 0.044531 0.018750 0.089063
0 0.007031 0.006250 0.014063 0.012500
0 0.007031 0.009375 0.014063 0.018750
0 0.007031 0.009375 0.014063 0.017969
0 0.005469 0.007812 0.010937 0.014844
0 0.007031 0.007031 0.014063 0.014063
0 0.005469 0.022656 0.010937 0.045312
0 0.012500 0.056250 0.024219 0.111719
0 0.009375 0.051562 0.017969 0.102344
0 0.011719 0.053125 0.022656 0.106250
0 0.007812 0.043750 0.015625 0.087500
0 0.009375 0.048438 0.018750 0.096875
0 0.006250 0.037500 0.011719 0.074219
0 0.012500 0.011719 0.025000 0.023438
0 0.004687 0.007031 0.009375 0.014063
0 0.006250 0.010156 0.012500 0.020313
0 0.006250 0.013281 0.012500 0.025781
0 0.010156 0.012500 0.019531 0.024219
0 0.009375 0.012500 0.018750 0.025000
0 0.009375 0.013281 0.018750 0.026562
0 0.009375 0.011719 0.018750 0.022656
0 0.009375 0.010937 0.018750 0.021875
0 0.010156 0.010156 0.020313 0.020313
0 0.006250 0.042188 0.012500 0.084375
0 0.008594 0.009375 0.016406 0.018750
0 0.008594 0.009375 0.017188 0.017969
0 0.007812 0.011719 0.014844 0.023438
0 0.007812 0.008594 0.015625 0.016406
0 0.005469 0.012500 0.010937 0.025000
0 0.006250 0.010937 0.011719 0.021094
0 0.007031 0.010156 0.014063 0.020313
0 0.006250 0.010937 0.012500 0.021875
