0 0.011719 0.006250 0.023438 0.012500
0 0.011719 0.007812 0.023438 0.015625
0 0.011719 0.007812 0.022656 0.015625
0 0.010937 0.006250 0.021875 0.012500
0 0.013281 0.009375 0.026562 0.017969
0 0.013281 0.008594 0.025781 0.017188
0 0.013281 0.007812 0.026562 0.015625
0 0.013281 0.007812 0.025781 0.014844
0 0.013281 0.007812 0.025781 0.015625
0 0.008594 0.021875 0.017188 0.043750
0 0.005469 0.007812 0.010156 0.014844
0 0.005469 0.017969 0.010937 0.035937
0 0.005469 0.017188 0.010937 0.034375
0 0.007031 0.020313 0.013281 0.040625
0 0.007812 0.021094 0.014844 0.042188
0 0.007031 0.020313 0.014063 0.040625
0 0.009375 0.023438 0.018750 0.046875
0 0.009375 0.023438 0.017969 0.046875
0 0.007812 0.014844 0.014844 0.029687
0 0.005469 0.006250 0.010937 0.012500
0 0.007812 0.010937 0.015625 0.021875
0 0.007812 0.012500 0.015625 0.025000
0 0.012500 0.010156 0.025000 0.020313
0 0.007812 0.022656 0.015625 0.045312
0 0.017188 0.018750 0.034375 0.037500
0 0.008594 0.010937 0.017188 0.021875
0 0.013281 0.060937 0.025781 0.121094
0 0.017969 0.011719 0.035156 0.023438
0 0.007812 0.021875 0.014844 0.043750
0 0.010937 0.012500 0.021875 0.025000
0 0.010937 0.013281 0.021875 0.026562
0 0.004687 0.041406 0.009375 0.082812
0 0.010156 0.011719 0.020313 0.023438
0 0.010937 0.010937 0.021094 0.021875
0 0.008594 0.013281 0.016406 0.026562
0 0.013281 0.011719 0.025781 0.023438
0 0.009375 0.014844 0.017969 0.029687
0 0.010156 0.008594 0.020313 0.017188
0 0.013281 0.010937 0.025781 0.021875
0 0.014063 0.011719 0.027344 0.023438
0 0.012500 0.006250 0.024219 0.012500
0 0.013281 0.007031 0.025781 0.014063
0 0.013281 0.008594 0.026562 0.017188
0 0.009375 0.017188 0.017969 0.034375
0 0.011719 0.020313 0.022656 0.040625
0 0.012500 0.010156 0.024219 0.020313
0 0.008594 0.012500 0.017188 0.025000
0 0.012500 0.007031 0.024219 0.014063
0 0.010937 0.007812 0.021875 0.015625
0 0.006250 0.027344 0.011719 0.054688
0 0.005469 0.024219 0.010937 0.048438
0 0.005469 0.025000 0.010937 0.050000
0 0.019531 0.010937 0.039062 0.021094
0 0.019531 0.010937 0.039062 0.021875
0 0.015625 0.010156 0.031250 0.020313
0 0.013281 0.010156 0.026562 0.020313
0 0.005469 0.026562 0.010937 0.053125
0 0.016406 0.010937 0.032031 0.021875
0 0.014844 0.008594 0.029687 0.017188
0 0.015625 0.010156 0.030469 0.020313
0 0.011719 0.010156 0.023438 0.020313
0 0.014844 0.009375 0.028906 0.018750
0 0.014844 0.009375 0.029687 0.018750
0 0.016406 0.010937 0.032813 0.021875
0 0.015625 0.009375 0.031250 0.018750
0 0.017188 0.010937 0.033594 0.021875
0 0.012500 0.026562 0.024219 0.053125
0 0.011719 0.028906 0.022656 0.057813
0 0.012500 0.038281 0.025000 0.076563
0 0.009375 0.037500 0.018750 0.075000
0 0.006250 0.031250 0.012500 0.061719
0 0.011719 0.017969 0.022656 0.035937
0 0.010937 0.021094 0.021875 0.042188
0 0.010156 0.021094 0.020313 0.042188
0 0.008594 0.043750 0.016406 0.087500
0 0.022656 0.023438 0.045312 0.046094
0 0.014844 0.028125 0.029687 0.056250
0 0.013281 0.028125 0.026562 0.055469
0 0.013281 0.028125 0.026562 0.056250
0 0.018750 0.028125 0.037500 0.056250
0 0.018750 0.028906 0.036719 0.057813
0 0.014844 0.019531 0.028906 0.039062
0 0.009375 0.025000 0.017969 0.050000
0 0.021094 0.021875 0.042188 0.043750
0 0.013281 0.028125 0.025781 0.056250
0 0.011719 0.010937 0.023438 0.021875
0 0.012500 0.007812 0.024219 0.014844
0 0.009375 0.008594 0.018750 0.017188
0 0.010937 0.009375 0.021875 0.017969
0 0.010937 0.008594 0.021094 0.017188
0 0.011719 0.007031 0.023438 0.014063
0 0.010156 0.013281 0.020313 0.026562
0 0.010937 0.007031 0.021094 0.014063
0 0.015625 0.010937 0.030469 0.021875
0 0.014063 0.010156 0.027344 0.020313
0 0.014063 0.009375 0.028125 0.018750
0 0.010937 0.008594 0.021875 0.017188
0 0.015625 0.010937 0.031250 0.021875
0 0.010156 0.007031 0.020313 0.014063
