0 0.005469 0.035156 0.010937 0.070312
0 0.010156 0.040625 0.020313 0.081250
0 0.009375 0.039062 0.018750 0.078125
0 0.009375 0.032031 0.018750 0.063281
0 0.007812 0.032031 0.015625 0.064062
0 0.010937 0.035156 0.021875 0.069531
0 0.011719 0.032031 0.022656 0.064062
0 0.003125 0.028125 0.006250 0.056250
0 0.006250 0.033594 0.011719 0.066406
0 0.008594 0.024219 0.017188 0.047656
0 0.006250 0.032031 0.012500 0.064062
0 0.009375 0.039844 0.018750 0.079687
0 0.008594 0.039062 0.017188 0.078125
0 0.007812 0.018750 0.015625 0.036719
0 0.003906 0.011719 0.007812 0.023438
0 0.003906 0.011719 0.007031 0.023438
0 0.005469 0.039844 0.010937 0.079687
0 0.004687 0.010937 0.009375 0.021875
0 0.003906 0.014844 0.007812 0.028906
0 0.004687 0.010937 0.009375 0.021094
0 0.003125 0.011719 0.006250 0.023438
0 0.006250 0.035156 0.012500 0.070312
0 0.011719 0.020313 0.023438 0.040625
0 0.010937 0.021875 0.021875 0.043750
0 0.007812 0.024219 0.015625 0.048438
0 0.006250 0.023438 0.012500 0.046875
0 0.005469 0.035937 0.010937 0.071875
0 0.006250 0.029687 0.012500 0.059375
0 0.006250 0.030469 0.012500 0.060937
0 0.006250 0.031250 0.012500 0.062500
0 0.011719 0.021094 0.023438 0.042188
0 0.014063 0.039062 0.028125 0.078125
0 0.006250 0.035937 0.012500 0.071875
0 0.003906 0.014844 0.007812 0.029687
0 0.004687 0.012500 0.009375 0.025000
0 0.005469 0.013281 0.010156 0.026562
0 0.010156 0.007031 0.020313 0.014063
0 0.009375 0.021875 0.018750 0.043750
0 0.006250 0.034375 0.012500 0.068750
0 0.007031 0.042969 0.013281 0.085156
0 0.010156 0.030469 0.020313 0.060937
0 0.008594 0.027344 0.017188 0.053906
0 0.007812 0.025000 0.015625 0.049219
0 0.007812 0.022656 0.015625 0.045312
0 0.014844 0.017969 0.029687 0.035937
0 0.014063 0.018750 0.028125 0.036719
0 0.009375 0.028906 0.018750 0.057813
0 0.006250 0.028125 0.012500 0.056250
0 0.004687 0.026562 0.009375 0.053125
0 0.011719 0.019531 0.023438 0.039062
0 0.010937 0.014063 0.021875 0.028125
0 0.009375 0.020313 0.018750 0.040625
0 0.004687 0.016406 0.009375 0.032813
0 0.014063 0.022656 0.028125 0.045312
0 0.003906 0.010937 0.007031 0.021875
0 0.015625 0.021094 0.031250 0.042188
0 0.007812 0.025000 0.015625 0.050000
0 0.007812 0.026562 0.015625 0.053125
0 0.007812 0.023438 0.015625 0.046094
0 0.009375 0.024219 0.018750 0.048438
0 0.008594 0.023438 0.016406 0.046875
0 0.009375 0.021875 0.017969 0.043750
0 0.009375 0.022656 0.018750 0.045312
0 0.009375 0.023438 0.018750 0.046875
0 0.008594 0.023438 0.017188 0.046094
0 0.009375 0.021094 0.018750 0.042188
0 0.016406 0.028906 0.032813 0.057031
0 0.013281 0.026562 0.026562 0.053125
0 0.012500 0.022656 0.025000 0.045312
0 0.013281 0.028906 0.026562 0.057813
0 0.012500 0.029687 0.024219 0.059375
0 0.010937 0.022656 0.021875 0.045312
0 0.011719 0.025781 0.023438 0.051562
0 0.010937 0.007031 0.021094 0.014063
0 0.008594 0.030469 0.017188 0.060937
0 0.010156 0.024219 0.020313 0.048438
0 0.007812 0.024219 0.014844 0.048438
0 0.011719 0.024219 0.023438 0.048438
0 0.012500 0.018750 0.024219 0.037500
0 0.012500 0.020313 0.025000 0.039844
0 0.007812 0.017188 0.015625 0.034375
0 0.008594 0.017969 0.017188 0.035156
0 0.007031 0.019531 0.014063 0.039062
0 0.007812 0.017969 0.015625 0.035937
0 0.008594 0.019531 0.017188 0.039062
0 0.010937 0.020313 0.021875 0.040625
0 0.006250 0.014844 0.011719 0.029687
0 0.007812 0.025781 0.015625 0.051562
0 0.008594 0.026562 0.016406 0.052344
0 0.006250 0.025000 0.012500 0.049219
0 0.010156 0.024219 0.019531 0.048438
0 0.011719 0.037500 0.022656 0.074219
0 0.012500 0.037500 0.025000 0.075000
0 0.008594 0.026562 0.017188 0.053125
0 0.007031 0.022656 0.014063 0.045312
0 0.012500 0.029687 0.025000 0.059375
0 0.014844 0.046875 0.028906 0.093750
0 0.016406 0.015625 0.032813 0.031250
0 0.006250 0.028906 0.012500 0.057813
0 0.009375 0.031250 0.018750 0.062500
0 0.010156 0.034375 0.020313 0.068750
0 0.007031 0.024219 0.014063 0.048438
0 0.002344 0.023438 0.004687 0.046875
0 0.009375 0.025000 0.017969 0.050000
0 0.007812 0.025781 0.014844 0.051562
0 0.007812 0.025781 0.015625 0.050781
0 0.008594 0.025781 0.017188 0.051562
0 0.007812 0.020313 0.015625 0.039844
0 0.018750 0.034375 0.037500 0.068750
0 0.004687 0.011719 0.009375 0.023438
