0 0.008594 0.022656 0.017188 0.045312
0 0.009375 0.024219 0.018750 0.048438
0 0.007812 0.022656 0.015625 0.045312
0 0.009375 0.021875 0.017969 0.043750
0 0.008594 0.021875 0.017188 0.043750
0 0.007812 0.021094 0.015625 0.042188
0 0.007812 0.023438 0.014844 0.046875
0 0.007031 0.032813 0.014063 0.065625
0 0.010156 0.021094 0.019531 0.042188
0 0.008594 0.021875 0.016406 0.043750
0 0.009375 0.022656 0.017969 0.045312
0 0.007031 0.022656 0.014063 0.045312
0 0.007812 0.021094 0.014844 0.042188
0 0.007812 0.021875 0.015625 0.042969
0 0.007812 0.021875 0.014844 0.043750
0 0.007812 0.021875 0.015625 0.043750
0 0.009375 0.022656 0.018750 0.045312
0 0.007812 0.022656 0.014844 0.045312
0 0.006250 0.022656 0.011719 0.045312
0 0.007812 0.023438 0.015625 0.046875
0 0.014063 0.030469 0.028125 0.060937
0 0.007812 0.034375 0.014844 0.068750
0 0.009375 0.023438 0.017969 0.046875
0 0.007031 0.013281 0.013281 0.026562
0 0.006250 0.004687 0.012500 0.009375
0 0.004687 0.018750 0.009375 0.036719
0 0.010937 0.019531 0.021875 0.039062
0 0.006250 0.017969 0.011719 0.035937
0 0.006250 0.032031 0.011719 0.064062
0 0.007031 0.032031 0.014063 0.064062
0 0.005469 0.030469 0.010156 0.060937
0 0.008594 0.030469 0.016406 0.060937
0 0.007031 0.032031 0.013281 0.064062
0 0.007031 0.031250 0.014063 0.062500
0 0.007812 0.032031 0.015625 0.064062
0 0.004687 0.031250 0.009375 0.062500
0 0.007812 0.017969 0.015625 0.035937
0 0.007031 0.018750 0.014063 0.037500
0 0.006250 0.017188 0.012500 0.034375
0 0.007031 0.017969 0.014063 0.035937
0 0.009375 0.023438 0.017969 0.046094
0 0.010937 0.025781 0.021875 0.051562
0 0.006250 0.031250 0.012500 0.062500
0 0.010937 0.034375 0.021094 0.068750
0 0.009375 0.031250 0.017969 0.062500
0 0.014844 0.031250 0.029687 0.061719
0 0.007031 0.021875 0.014063 0.043750
0 0.007031 0.033594 0.013281 0.067187
0 0.007031 0.016406 0.014063 0.032813
0 0.007031 0.015625 0.014063 0.031250
0 0.006250 0.015625 0.012500 0.031250
0 0.005469 0.028125 0.010937 0.056250
0 0.008594 0.020313 0.017188 0.040625
0 0.008594 0.017969 0.017188 0.035937
0 0.007031 0.021094 0.014063 0.042188
0 0.008594 0.023438 0.017188 0.046875
0 0.009375 0.038281 0.018750 0.076563
0 0.010156 0.026562 0.020313 0.053125
0 0.009375 0.025781 0.017969 0.051562
0 0.008594 0.025000 0.017188 0.050000
0 0.007031 0.025000 0.014063 0.050000
0 0.006250 0.023438 0.012500 0.046875
0 0.007031 0.025781 0.014063 0.051562
0 0.007812 0.025000 0.014844 0.050000
0 0.006250 0.025781 0.011719 0.051562
0 0.010156 0.026562 0.019531 0.053125
0 0.007812 0.025781 0.014844 0.051562
0 0.007812 0.026562 0.015625 0.053125
0 0.009375 0.025000 0.017969 0.049219
0 0.009375 0.025000 0.017969 0.050000
0 0.010156 0.025781 0.020313 0.051562
0 0.007031 0.026562 0.014063 0.053125
0 0.007812 0.038281 0.014844 0.076563
0 0.008594 0.023438 0.016406 0.046875
0 0.009375 0.025781 0.018750 0.051562
0 0.008594 0.025000 0.016406 0.050000
0 0.009375 0.027344 0.018750 0.054688
0 0.010156 0.027344 0.020313 0.054688
0 0.007031 0.034375 0.014063 0.068750
0 0.008594 0.024219 0.017188 0.048438
0 0.009375 0.037500 0.018750 0.075000
0 0.007812 0.025781 0.015625 0.051562
0 0.007812 0.025000 0.015625 0.050000
0 0.010156 0.025000 0.020313 0.050000
0 0.008594 0.027344 0.017188 0.054688
0 0.009375 0.027344 0.017969 0.054688
0 0.008594 0.026562 0.016406 0.053125
0 0.008594 0.025781 0.016406 0.051562
0 0.008594 0.024219 0.016406 0.048438
0 0.009375 0.025000 0.018750 0.050000
0 0.010156 0.035937 0.019531 0.071875
0 0.006250 0.033594 0.012500 0.067187
0 0.007812 0.027344 0.015625 0.054688
0 0.008594 0.022656 0.016406 0.045312
0 0.010156 0.028906 0.020313 0.057813
0 0.009375 0.026562 0.018750 0.053125
0 0.009375 0.028125 0.018750 0.056250
0 0.010937 0.026562 0.021875 0.053125
0 0.008594 0.025781 0.017188 0.051562
0 0.009375 0.026562 0.017969 0.053125
0 0.014063 0.032031 0.028125 0.064062
0 0.007031 0.032813 0.013281 0.065625
0 0.007812 0.033594 0.015625 0.067187
0 0.007031 0.034375 0.014063 0.067969
0 0.010937 0.028906 0.021094 0.057813
0 0.007812 0.040625 0.014844 0.081250
0 0.007812 0.039062 0.015625 0.078125
0 0.008594 0.029687 0.017188 0.058594
0 0.009375 0.028906 0.017969 0.057813
0 0.007812 0.030469 0.015625 0.060937
0 0.008594 0.028906 0.017188 0.057813
0 0.010156 0.027344 0.019531 0.054688
0 0.009375 0.028125 0.017969 0.055469
0 0.010156 0.028125 0.020313 0.056250
0 0.010937 0.024219 0.021875 0.048438
