0 0.007031 0.021875 0.013281 0.043750
0 0.006250 0.010156 0.011719 0.020313
0 0.005469 0.007812 0.010156 0.015625
0 0.006250 0.020313 0.012500 0.040625
0 0.007031 0.020313 0.014063 0.040625
0 0.007812 0.014063 0.015625 0.028125
0 0.007031 0.012500 0.014063 0.025000
0 0.007031 0.014063 0.014063 0.028125
0 0.007812 0.021094 0.015625 0.042188
0 0.008594 0.018750 0.017188 0.037500
0 0.007812 0.024219 0.014844 0.048438
0 0.007031 0.015625 0.013281 0.031250
0 0.007031 0.014844 0.013281 0.029687
0 0.003906 0.014844 0.007031 0.029687
0 0.007812 0.029687 0.015625 0.059375
0 0.010156 0.027344 0.020313 0.054688
0 0.009375 0.025781 0.017969 0.051562
0 0.008594 0.025000 0.017188 0.050000
0 0.008594 0.023438 0.017188 0.046875
0 0.008594 0.021875 0.016406 0.043750
0 0.010937 0.025781 0.021094 0.051562
0 0.010156 0.025781 0.020313 0.051562
0 0.010156 0.025000 0.020313 0.050000
0 0.008594 0.024219 0.017188 0.048438
0 0.004687 0.013281 0.009375 0.026562
0 0.010937 0.018750 0.021875 0.037500
0 0.009375 0.019531 0.017969 0.039062
0 0.010156 0.018750 0.019531 0.037500
0 0.011719 0.020313 0.022656 0.040625
0 0.010937 0.020313 0.021875 0.040625
0 0.010156 0.020313 0.020313 0.040625
0 0.010937 0.020313 0.021094 0.040625
0 0.008594 0.019531 0.017188 0.039062
0 0.008594 0.017969 0.017188 0.035937
0 0.007031 0.015625 0.014063 0.031250
0 0.007812 0.017188 0.014844 0.033594
0 0.007812 0.017188 0.014844 0.034375
0 0.006250 0.017969 0.012500 0.035937
0 0.007031 0.017969 0.014063 0.035937
0 0.007812 0.017969 0.015625 0.035937
0 0.005469 0.022656 0.010156 0.045312
0 0.010156 0.022656 0.019531 0.045312
0 0.011719 0.023438 0.023438 0.046875
0 0.010156 0.022656 0.020313 0.045312
0 0.010156 0.028125 0.020313 0.056250
0 0.008594 0.028125 0.017188 0.056250
0 0.008594 0.027344 0.017188 0.054688
0 0.007031 0.026562 0.014063 0.053125
0 0.007812 0.023438 0.015625 0.046875
0 0.008594 0.026562 0.016406 0.053125
0 0.003125 0.025781 0.005469 0.051562
0 0.008594 0.020313 0.017188 0.040625
0 0.010937 0.021094 0.021875 0.042188
0 0.010937 0.021875 0.021094 0.042969
0 0.010937 0.021094 0.021094 0.042188
0 0.007812 0.026562 0.014844 0.053125
0 0.004687 0.021875 0.009375 0.043750
0 0.004687 0.025000 0.009375 0.050000
0 0.004687 0.025000 0.009375 0.049219
0 0.009375 0.021875 0.018750 0.043750
0 0.007031 0.018750 0.013281 0.037500
0 0.010937 0.037500 0.021875 0.075000
0 0.010156 0.036719 0.019531 0.073438
0 0.010937 0.035156 0.021094 0.070312
0 0.010156 0.032813 0.020313 0.065625
0 0.010156 0.035937 0.020313 0.071875
0 0.009375 0.031250 0.017969 0.062500
0 0.009375 0.032031 0.017969 0.064062
0 0.007812 0.032031 0.015625 0.064062
0 0.010156 0.032031 0.020313 0.064062
0 0.010156 0.030469 0.020313 0.060937
0 0.008594 0.026562 0.017188 0.053125
0 0.007031 0.025781 0.013281 0.051562
0 0.013281 0.037500 0.025781 0.074219
0 0.010156 0.034375 0.020313 0.068750
0 0.011719 0.034375 0.023438 0.068750
0 0.011719 0.036719 0.023438 0.073438
0 0.013281 0.036719 0.025781 0.073438
0 0.008594 0.016406 0.017188 0.032813
0 0.007812 0.015625 0.015625 0.031250
0 0.006250 0.015625 0.012500 0.031250
0 0.006250 0.026562 0.012500 0.053125
0 0.013281 0.025000 0.025781 0.049219
0 0.013281 0.025000 0.025781 0.050000
0 0.005469 0.015625 0.010937 0.031250
0 0.010156 0.033594 0.019531 0.067187
0 0.006250 0.014063 0.012500 0.028125
0 0.007031 0.016406 0.013281 0.032813
0 0.007812 0.017188 0.015625 0.034375
0 0.007031 0.017969 0.013281 0.035937
0 0.010937 0.022656 0.021875 0.045312
0 0.010937 0.021875 0.021875 0.042969
0 0.008594 0.020313 0.016406 0.039844
0 0.007031 0.025000 0.013281 0.050000
0 0.006250 0.024219 0.012500 0.048438
0 0.008594 0.032813 0.017188 0.065625
0 0.008594 0.031250 0.017188 0.062500
0 0.008594 0.030469 0.017188 0.060937
0 0.007812 0.026562 0.015625 0.053125
0 0.007812 0.026562 0.015625 0.052344
0 0.006250 0.025781 0.012500 0.051562
0 0.007812 0.025781 0.014844 0.051562
0 0.007031 0.025781 0.014063 0.051562
0 0.007812 0.027344 0.015625 0.054688
0 0.007812 0.025781 0.015625 0.051562
0 0.005469 0.014063 0.010937 0.028125
0 0.004687 0.014063 0.009375 0.028125
0 0.006250 0.025000 0.012500 0.050000
