0 0.004687 0.028125 0.008594 0.055469
0 0.003125 0.026562 0.006250 0.053125
0 0.007031 0.014844 0.014063 0.029687
0 0.005469 0.029687 0.010937 0.059375
0 0.003906 0.027344 0.007812 0.054688
0 0.003906 0.025000 0.007812 0.050000
0 0.003906 0.028906 0.007031 0.057813
0 0.003906 0.026562 0.007812 0.053125
0 0.007812 0.013281 0.015625 0.026562
0 0.003125 0.021875 0.006250 0.043750
0 0.008594 0.013281 0.017188 0.026562
0 0.004687 0.020313 0.009375 0.039844
0 0.004687 0.021875 0.009375 0.042969
0 0.001563 0.021875 0.003125 0.043750
0 0.005469 0.011719 0.010937 0.022656
0 0.005469 0.014844 0.010937 0.029687
0 0.006250 0.013281 0.012500 0.025781
0 0.003125 0.021094 0.006250 0.042188
0 0.005469 0.021875 0.010937 0.043750
0 0.017969 0.026562 0.035156 0.053125
0 0.018750 0.017188 0.037500 0.034375
0 0.002344 0.021094 0.004687 0.042188
0 0.004687 0.020313 0.008594 0.040625
0 0.006250 0.021875 0.012500 0.043750
0 0.009375 0.008594 0.018750 0.017188
0 0.010156 0.007812 0.020313 0.015625
0 0.011719 0.018750 0.023438 0.037500
0 0.037500 0.010937 0.075000 0.021875
0 0.039062 0.011719 0.078125 0.023438
0 0.002344 0.023438 0.004687 0.046875
0 0.007031 0.029687 0.014063 0.059375
0 0.007812 0.029687 0.015625 0.059375
0 0.010937 0.012500 0.021094 0.024219
0 0.007031 0.028125 0.014063 0.056250
0 0.007031 0.033594 0.014063 0.067187
0 0.003906 0.014844 0.007812 0.029687
0 0.003906 0.019531 0.007812 0.039062
0 0.007031 0.010937 0.014063 0.021875
0 0.006250 0.020313 0.011719 0.039844
0 0.007812 0.028125 0.015625 0.056250
0 0.004687 0.026562 0.008594 0.053125
0 0.005469 0.012500 0.010937 0.025000
0 0.004687 0.014844 0.009375 0.029687
0 0.005469 0.023438 0.010937 0.046875
0 0.006250 0.028125 0.011719 0.055469
0 0.003125 0.038281 0.006250 0.076563
0 0.004687 0.021875 0.009375 0.043750
0 0.005469 0.003906 0.010937 0.007031
0 0.003125 0.025000 0.005469 0.050000
0 0.006250 0.018750 0.012500 0.037500
0 0.006250 0.019531 0.012500 0.039062
0 0.007031 0.018750 0.014063 0.037500
0 0.006250 0.014063 0.012500 0.028125
0 0.007812 0.008594 0.015625 0.017188
0 0.007031 0.017188 0.013281 0.034375
0 0.004687 0.014063 0.008594 0.028125
0 0.004687 0.015625 0.008594 0.031250
0 0.003125 0.014844 0.006250 0.029687
0 0.003125 0.014063 0.006250 0.028125
0 0.009375 0.016406 0.018750 0.032813
0 0.006250 0.020313 0.012500 0.040625
0 0.005469 0.019531 0.010937 0.039062
0 0.003906 0.003125 0.007031 0.006250
0 0.003125 0.003125 0.006250 0.006250
0 0.003125 0.003906 0.006250 0.007812
0 0.006250 0.019531 0.011719 0.038281
0 0.006250 0.021094 0.011719 0.042188
0 0.007031 0.013281 0.014063 0.026562
0 0.005469 0.024219 0.010156 0.047656
0 0.007812 0.025000 0.015625 0.050000
0 0.003125 0.017969 0.006250 0.035937
0 0.005469 0.017969 0.010937 0.035937
0 0.002344 0.019531 0.004687 0.039062
0 0.003906 0.021875 0.007812 0.043750
0 0.008594 0.022656 0.017188 0.045312
0 0.007031 0.021094 0.014063 0.042188
0 0.004687 0.023438 0.009375 0.046094
0 0.006250 0.023438 0.012500 0.046875
0 0.005469 0.022656 0.010937 0.045312
0 0.006250 0.024219 0.011719 0.047656
0 0.002344 0.017188 0.004687 0.034375
0 0.003125 0.014844 0.005469 0.029687
0 0.005469 0.020313 0.010937 0.040625
0 0.007812 0.009375 0.015625 0.018750
0 0.006250 0.011719 0.012500 0.023438
0 0.003125 0.003906 0.006250 0.007031
0 0.003125 0.025781 0.006250 0.051562
0 0.002344 0.026562 0.004687 0.052344
0 0.003125 0.025000 0.006250 0.050000
0 0.001563 0.021094 0.003125 0.042188
0 0.003125 0.020313 0.006250 0.040625
0 0.005469 0.014063 0.010937 0.028125
0 0.006250 0.014844 0.012500 0.029687
0 0.007812 0.018750 0.015625 0.036719
0 0.005469 0.009375 0.010937 0.018750
0 0.003906 0.009375 0.007031 0.017969
0 0.002344 0.007812 0.004687 0.015625
0 0.007812 0.005469 0.015625 0.010937
0 0.008594 0.018750 0.017188 0.037500
0 0.008594 0.021094 0.016406 0.042188
0 0.002344 0.017969 0.004687 0.035937
0 0.006250 0.017969 0.012500 0.035937
0 0.006250 0.019531 0.012500 0.038281
0 0.003125 0.027344 0.005469 0.054688
0 0.002344 0.025781 0.004687 0.050781
0 0.002344 0.028125 0.004687 0.056250
0 0.009375 0.013281 0.018750 0.026562
0 0.006250 0.017188 0.012500 0.034375
0 0.007031 0.018750 0.013281 0.036719
0 0.005469 0.015625 0.010156 0.031250
0 0.004687 0.015625 0.009375 0.030469
0 0.005469 0.008594 0.010937 0.017188
0 0.003906 0.007031 0.007812 0.014063
0 0.004687 0.025781 0.009375 0.051562
0 0.004687 0.014063 0.009375 0.028125
0 0.004687 0.016406 0.009375 0.032813
0 0.005469 0.015625 0.010937 0.031250
0 0.006250 0.019531 0.011719 0.039062
0 0.005469 0.013281 0.010937 0.026562
0 0.003125 0.028125 0.006250 0.056250
0 0.003906 0.010156 0.007812 0.020313
0 0.010937 0.032031 0.021094 0.063281
0 0.007031 0.028906 0.014063 0.057813
0 0.011719 0.028125 0.022656 0.056250
0 0.010156 0.027344 0.019531 0.054688
0 0.010937 0.020313 0.021875 0.039844
0 0.010156 0.025781 0.020313 0.051562
0 0.010937 0.028125 0.021875 0.056250
0 0.003906 0.029687 0.007812 0.059375
0 0.003906 0.023438 0.007812 0.046875
0 0.007031 0.026562 0.014063 0.053125
0 0.003906 0.023438 0.007031 0.046875
0 0.010156 0.028906 0.019531 0.057813
