0 0.017969 0.033594 0.035156 0.067187
0 0.011719 0.032813 0.022656 0.065625
0 0.020313 0.031250 0.040625 0.062500
0 0.017969 0.034375 0.035937 0.068750
0 0.018750 0.029687 0.036719 0.059375
0 0.017969 0.035156 0.035937 0.070312
0 0.013281 0.031250 0.026562 0.062500
0 0.021875 0.032813 0.042969 0.064844
0 0.013281 0.026562 0.025781 0.053125
0 0.013281 0.024219 0.026562 0.048438
0 0.014844 0.027344 0.028906 0.054688
0 0.015625 0.031250 0.031250 0.062500
0 0.016406 0.029687 0.032813 0.059375
0 0.014063 0.032031 0.028125 0.064062
0 0.014063 0.026562 0.028125 0.052344
0 0.011719 0.024219 0.023438 0.048438
0 0.010937 0.023438 0.021094 0.046875
0 0.014844 0.028125 0.028906 0.056250
0 0.017969 0.029687 0.035937 0.059375
0 0.023438 0.032813 0.046875 0.065625
0 0.015625 0.036719 0.030469 0.073438
0 0.007031 0.035937 0.014063 0.071875
0 0.028906 0.046094 0.057031 0.092188
0 0.028125 0.047656 0.056250 0.095312
0 0.021094 0.050781 0.042188 0.101562
0 0.025000 0.042188 0.050000 0.084375
0 0.028125 0.043750 0.056250 0.087500
0 0.010937 0.041406 0.021094 0.082812
0 0.028906 0.039844 0.057031 0.079687
0 0.030469 0.040625 0.060156 0.080469
0 0.007031 0.040625 0.013281 0.081250
0 0.024219 0.032031 0.047656 0.064062
0 0.012500 0.038281 0.025000 0.076563
0 0.011719 0.041406 0.022656 0.082812
0 0.014844 0.040625 0.029687 0.081250
0 0.011719 0.046094 0.023438 0.092188
0 0.017969 0.041406 0.035937 0.082812
0 0.020313 0.032813 0.039844 0.065625
0 0.021875 0.031250 0.042969 0.062500
0 0.017969 0.032813 0.035937 0.065625
0 0.011719 0.017188 0.023438 0.034375
0 0.014063 0.038281 0.027344 0.076563
0 0.010156 0.003906 0.019531 0.007812
0 0.013281 0.027344 0.026562 0.054688
0 0.010937 0.003906 0.021094 0.007812
0 0.011719 0.003125 0.022656 0.005469
0 0.008594 0.003125 0.017188 0.006250
0 0.011719 0.003125 0.023438 0.006250
0 0.012500 0.009375 0.025000 0.018750
0 0.010156 0.015625 0.020313 0.031250
0 0.013281 0.017969 0.025781 0.035937
0 0.010156 0.007812 0.020313 0.015625
0 0.010937 0.018750 0.021875 0.037500
0 0.008594 0.018750 0.017188 0.037500
0 0.012500 0.019531 0.024219 0.039062
0 0.007812 0.018750 0.015625 0.037500
0 0.012500 0.023438 0.025000 0.046875
0 0.010156 0.025000 0.020313 0.050000
0 0.009375 0.020313 0.018750 0.040625
0 0.008594 0.011719 0.017188 0.023438
