0 0.010156 0.034375 0.020313 0.068750
0 0.006250 0.025000 0.011719 0.050000
0 0.004687 0.024219 0.009375 0.048438
0 0.005469 0.024219 0.010937 0.048438
0 0.005469 0.028125 0.010937 0.056250
0 0.007031 0.030469 0.014063 0.060937
0 0.010937 0.026562 0.021094 0.052344
0 0.007031 0.027344 0.014063 0.054688
0 0.006250 0.025000 0.012500 0.050000
0 0.010156 0.016406 0.020313 0.032031
0 0.013281 0.032813 0.026562 0.065625
0 0.012500 0.031250 0.025000 0.062500
0 0.013281 0.028125 0.026562 0.055469
0 0.011719 0.028125 0.023438 0.056250
0 0.010937 0.027344 0.021875 0.054688
0 0.009375 0.029687 0.018750 0.059375
0 0.007031 0.028125 0.014063 0.056250
0 0.006250 0.017969 0.012500 0.035156
0 0.007031 0.024219 0.014063 0.048438
0 0.011719 0.028906 0.023438 0.057031
0 0.014844 0.032813 0.029687 0.065625
0 0.003906 0.018750 0.007812 0.036719
0 0.009375 0.021875 0.018750 0.043750
0 0.006250 0.017188 0.012500 0.033594
0 0.011719 0.035937 0.023438 0.071094
0 0.005469 0.019531 0.010937 0.039062
0 0.012500 0.018750 0.025000 0.037500
0 0.008594 0.023438 0.017188 0.046875
0 0.013281 0.029687 0.026562 0.058594
0 0.006250 0.022656 0.012500 0.045312
0 0.005469 0.020313 0.010937 0.040625
0 0.007031 0.018750 0.014063 0.037500
0 0.006250 0.020313 0.012500 0.040625
0 0.006250 0.020313 0.012500 0.039844
0 0.007031 0.020313 0.014063 0.040625
0 0.004687 0.025781 0.009375 0.051562
0 0.008594 0.022656 0.017188 0.044531
0 0.007031 0.021094 0.014063 0.041406
0 0.007031 0.022656 0.014063 0.045312
0 0.003906 0.018750 0.007812 0.037500
0 0.005469 0.020313 0.010937 0.039844
0 0.006250 0.020313 0.011719 0.040625
0 0.004687 0.021094 0.009375 0.042188
0 0.005469 0.018750 0.010937 0.037500
0 0.010156 0.028906 0.020313 0.057813
0 0.011719 0.032813 0.023438 0.065625
0 0.008594 0.021875 0.016406 0.042969
0 0.011719 0.025781 0.023438 0.051562
0 0.010156 0.030469 0.020313 0.060937
0 0.009375 0.028906 0.018750 0.057813
0 0.012500 0.028125 0.025000 0.056250
0 0.010156 0.028906 0.019531 0.057031
0 0.010156 0.028125 0.020313 0.055469
0 0.009375 0.027344 0.018750 0.054688
0 0.010156 0.030469 0.019531 0.060156
0 0.010937 0.025781 0.021875 0.051562
0 0.010156 0.027344 0.020313 0.054688
0 0.010937 0.032031 0.021875 0.064062
0 0.010937 0.029687 0.021875 0.059375
0 0.012500 0.025000 0.025000 0.050000
0 0.010156 0.029687 0.020313 0.058594
0 0.010937 0.028125 0.021875 0.056250
0 0.011719 0.031250 0.023438 0.062500
0 0.012500 0.028125 0.024219 0.056250
0 0.009375 0.013281 0.018750 0.026562
0 0.011719 0.029687 0.023438 0.059375
0 0.014063 0.025000 0.028125 0.050000
0 0.010156 0.043750 0.020313 0.087500
0 0.005469 0.032031 0.010937 0.064062
0 0.004687 0.028906 0.009375 0.057813
0 0.007031 0.035156 0.014063 0.070312
0 0.011719 0.007812 0.023438 0.015625
0 0.011719 0.007031 0.023438 0.014063
0 0.011719 0.005469 0.023438 0.010937
0 0.010937 0.004687 0.021875 0.009375
0 0.010156 0.004687 0.020313 0.009375
0 0.010937 0.005469 0.021094 0.010937
0 0.009375 0.005469 0.018750 0.010937
0 0.007812 0.032813 0.015625 0.065625
0 0.010937 0.038281 0.021875 0.076563
0 0.010937 0.033594 0.021875 0.067187
0 0.011719 0.035937 0.023438 0.071875
0 0.010937 0.040625 0.021094 0.081250
0 0.025781 0.033594 0.051562 0.067187
0 0.010937 0.032031 0.021094 0.063281
0 0.010156 0.006250 0.020313 0.012500
0 0.010937 0.028906 0.021094 0.057031
0 0.010156 0.026562 0.020313 0.052344
0 0.009375 0.026562 0.018750 0.053125
0 0.007812 0.025000 0.015625 0.050000
0 0.003906 0.032031 0.007812 0.064062
0 0.006250 0.027344 0.011719 0.053906
0 0.006250 0.025781 0.011719 0.050781
0 0.005469 0.021875 0.010937 0.042969
0 0.007031 0.025000 0.014063 0.050000
0 0.011719 0.028906 0.023438 0.057813
0 0.010937 0.028906 0.021875 0.057813
0 0.011719 0.030469 0.023438 0.060156
0 0.012500 0.029687 0.025000 0.058594
0 0.012500 0.030469 0.025000 0.060156
0 0.007031 0.028906 0.014063 0.057813
0 0.010937 0.029687 0.021094 0.058594
0 0.014844 0.024219 0.029687 0.048438
0 0.010937 0.027344 0.021875 0.053906
0 0.013281 0.029687 0.025781 0.059375
0 0.008594 0.037500 0.017188 0.075000
0 0.012500 0.027344 0.025000 0.053906
0 0.014844 0.026562 0.028906 0.052344
0 0.009375 0.025000 0.018750 0.050000
0 0.014063 0.032813 0.028125 0.065625
0 0.011719 0.033594 0.023438 0.067187
0 0.015625 0.032813 0.031250 0.065625
0 0.012500 0.029687 0.024219 0.058594
0 0.014063 0.030469 0.027344 0.060156
0 0.010156 0.030469 0.020313 0.060156
0 0.009375 0.029687 0.018750 0.058594
0 0.010937 0.031250 0.021094 0.062500
