0 0.004687 0.025000 0.009375 0.050000
0 0.003906 0.027344 0.007812 0.054688
0 0.003906 0.026562 0.007031 0.052344
0 0.005469 0.025000 0.010156 0.049219
0 0.004687 0.021094 0.009375 0.042188
0 0.007812 0.017188 0.015625 0.034375
0 0.010156 0.029687 0.020313 0.059375
0 0.007031 0.025781 0.014063 0.051562
0 0.009375 0.023438 0.018750 0.046875
0 0.010156 0.024219 0.020313 0.048438
0 0.017969 0.026562 0.035156 0.052344
0 0.007031 0.022656 0.014063 0.045312
0 0.007031 0.017969 0.014063 0.035937
0 0.010156 0.022656 0.020313 0.044531
0 0.009375 0.017969 0.017969 0.035156
0 0.009375 0.021094 0.017969 0.042188
0 0.004687 0.021875 0.009375 0.043750
0 0.008594 0.018750 0.017188 0.036719
0 0.004687 0.025781 0.009375 0.050781
0 0.004687 0.024219 0.009375 0.048438
0 0.005469 0.023438 0.010937 0.046875
0 0.003906 0.018750 0.007031 0.036719
0 0.007812 0.021094 0.015625 0.042188
0 0.007812 0.050000 0.015625 0.100000
0 0.010937 0.046875 0.021875 0.092969
0 0.010156 0.047656 0.020313 0.095312
0 0.009375 0.037500 0.018750 0.075000
0 0.010156 0.043750 0.020313 0.087500
0 0.013281 0.039062 0.026562 0.078125
0 0.010937 0.041406 0.021875 0.082031
0 0.013281 0.055469 0.025781 0.110937
0 0.015625 0.058594 0.030469 0.117188
0 0.006250 0.021875 0.012500 0.043750
0 0.012500 0.053125 0.025000 0.106250
0 0.012500 0.059375 0.025000 0.118750
0 0.014844 0.058594 0.029687 0.117188
0 0.009375 0.024219 0.018750 0.048438
0 0.010156 0.021875 0.020313 0.043750
0 0.012500 0.026562 0.025000 0.052344
0 0.012500 0.025781 0.025000 0.051562
0 0.011719 0.005469 0.023438 0.010937
0 0.007031 0.025781 0.014063 0.050781
0 0.007812 0.026562 0.015625 0.052344
0 0.015625 0.060156 0.031250 0.120313
0 0.012500 0.027344 0.024219 0.054688
0 0.011719 0.027344 0.023438 0.054688
0 0.009375 0.028906 0.018750 0.057813
0 0.006250 0.017969 0.012500 0.035937
0 0.004687 0.019531 0.009375 0.039062
0 0.007031 0.007031 0.014063 0.014063
0 0.006250 0.023438 0.011719 0.046094
0 0.003906 0.021094 0.007812 0.042188
0 0.005469 0.021875 0.010937 0.043750
0 0.005469 0.020313 0.010937 0.040625
0 0.010937 0.020313 0.021094 0.039844
0 0.006250 0.020313 0.012500 0.040625
0 0.006250 0.017188 0.012500 0.034375
0 0.003906 0.014844 0.007812 0.029687
0 0.005469 0.026562 0.010937 0.053125
0 0.005469 0.024219 0.010156 0.048438
0 0.003906 0.019531 0.007031 0.039062
0 0.003125 0.021875 0.006250 0.043750
0 0.004687 0.020313 0.009375 0.040625
0 0.004687 0.016406 0.009375 0.032813
0 0.005469 0.021094 0.010156 0.042188
0 0.005469 0.021875 0.010156 0.043750
0 0.006250 0.016406 0.012500 0.032813
0 0.006250 0.017188 0.011719 0.034375
0 0.007031 0.018750 0.014063 0.036719
0 0.007031 0.024219 0.014063 0.048438
0 0.005469 0.027344 0.010937 0.054688
0 0.005469 0.021875 0.010937 0.042969
0 0.003906 0.021875 0.007812 0.043750
0 0.009375 0.012500 0.018750 0.025000
0 0.007031 0.020313 0.013281 0.040625
0 0.010937 0.021094 0.021875 0.041406
0 0.008594 0.011719 0.017188 0.022656
0 0.010156 0.011719 0.019531 0.023438
0 0.003906 0.022656 0.007031 0.044531
0 0.003906 0.022656 0.007812 0.045312
0 0.006250 0.027344 0.012500 0.054688
0 0.005469 0.024219 0.010937 0.048438
0 0.007031 0.025781 0.013281 0.051562
0 0.007031 0.021875 0.013281 0.042969
0 0.006250 0.023438 0.012500 0.046875
0 0.005469 0.023438 0.010156 0.046875
0 0.009375 0.015625 0.017969 0.031250
0 0.003906 0.020313 0.007812 0.040625
0 0.006250 0.021875 0.011719 0.043750
0 0.004687 0.014844 0.009375 0.029687
0 0.006250 0.026562 0.011719 0.053125
0 0.005469 0.019531 0.010937 0.039062
0 0.006250 0.021094 0.012500 0.042188
0 0.006250 0.009375 0.012500 0.017969
0 0.004687 0.028906 0.009375 0.057813
0 0.003906 0.025000 0.007812 0.050000
0 0.006250 0.028125 0.012500 0.056250
0 0.003906 0.029687 0.007812 0.059375
0 0.003125 0.019531 0.006250 0.039062
0 0.006250 0.024219 0.012500 0.048438
0 0.005469 0.025781 0.010937 0.050781
0 0.003906 0.026562 0.007031 0.053125
0 0.006250 0.025000 0.012500 0.050000
0 0.003906 0.025781 0.007812 0.051562
0 0.006250 0.025000 0.011719 0.050000
0 0.004687 0.027344 0.009375 0.053906
0 0.003906 0.026562 0.007812 0.053125
0 0.009375 0.015625 0.018750 0.031250
0 0.005469 0.025000 0.010937 0.049219
0 0.010156 0.026562 0.020313 0.053125
