0 0.007812 0.015625 0.015625 0.031250
0 0.009375 0.015625 0.018750 0.031250
0 0.013281 0.014844 0.026562 0.029687
0 0.013281 0.007812 0.025781 0.014844
0 0.011719 0.009375 0.023438 0.017969
0 0.004687 0.017969 0.009375 0.035937
0 0.004687 0.017188 0.009375 0.034375
0 0.004687 0.017969 0.008594 0.035937
0 0.002344 0.018750 0.004687 0.037500
0 0.007812 0.033594 0.015625 0.067187
0 0.005469 0.014063 0.010937 0.028125
0 0.007031 0.011719 0.014063 0.023438
0 0.011719 0.014844 0.023438 0.029687
0 0.004687 0.014063 0.009375 0.028125
0 0.006250 0.028125 0.011719 0.056250
0 0.006250 0.007812 0.012500 0.015625
0 0.003125 0.015625 0.006250 0.030469
0 0.003906 0.027344 0.007812 0.054688
0 0.006250 0.027344 0.011719 0.053906
0 0.015625 0.021094 0.030469 0.042188
0 0.010156 0.024219 0.020313 0.048438
0 0.010156 0.019531 0.019531 0.039062
0 0.007031 0.010937 0.013281 0.021094
0 0.007031 0.020313 0.014063 0.040625
0 0.007031 0.021094 0.014063 0.042188
0 0.007812 0.021875 0.015625 0.043750
0 0.007031 0.021094 0.013281 0.041406
0 0.006250 0.020313 0.012500 0.040625
0 0.007812 0.021875 0.015625 0.042969
0 0.007031 0.008594 0.014063 0.017188
0 0.007031 0.021875 0.014063 0.042969
0 0.006250 0.018750 0.011719 0.037500
0 0.007031 0.034375 0.014063 0.068750
0 0.006250 0.022656 0.012500 0.045312
0 0.011719 0.023438 0.023438 0.046875
0 0.009375 0.020313 0.018750 0.040625
0 0.010937 0.016406 0.021875 0.032813
0 0.009375 0.019531 0.017969 0.039062
0 0.002344 0.005469 0.004687 0.010937
0 0.002344 0.004687 0.003906 0.009375
0 0.003125 0.003906 0.005469 0.007812
0 0.006250 0.015625 0.011719 0.031250
0 0.002344 0.003125 0.004687 0.006250
0 0.003906 0.004687 0.007031 0.009375
0 0.003125 0.003125 0.006250 0.006250
0 0.003125 0.006250 0.006250 0.011719
0 0.003125 0.004687 0.006250 0.009375
0 0.011719 0.021094 0.023438 0.042188
0 0.006250 0.019531 0.011719 0.039062
0 0.009375 0.037500 0.018750 0.075000
0 0.006250 0.015625 0.012500 0.030469
0 0.009375 0.012500 0.018750 0.024219
0 0.005469 0.003125 0.010937 0.006250
0 0.007031 0.006250 0.014063 0.012500
0 0.007031 0.003906 0.014063 0.007812
0 0.007031 0.004687 0.013281 0.008594
0 0.006250 0.003125 0.011719 0.006250
0 0.005469 0.005469 0.010937 0.010937
0 0.009375 0.019531 0.018750 0.039062
0 0.005469 0.021094 0.010937 0.042188
0 0.005469 0.031250 0.010937 0.062500
0 0.003125 0.014844 0.006250 0.029687
0 0.003906 0.014063 0.007812 0.028125
0 0.008594 0.015625 0.016406 0.031250
0 0.007812 0.025781 0.015625 0.051562
0 0.009375 0.022656 0.018750 0.045312
0 0.005469 0.028125 0.010156 0.056250
0 0.006250 0.028906 0.011719 0.057813
0 0.007031 0.031250 0.014063 0.061719
0 0.005469 0.030469 0.010937 0.060937
0 0.005469 0.033594 0.010937 0.067187
0 0.005469 0.032031 0.010937 0.064062
0 0.005469 0.028125 0.010937 0.055469
0 0.007031 0.023438 0.013281 0.046875
0 0.004687 0.025781 0.009375 0.051562
0 0.004687 0.028906 0.009375 0.057813
0 0.003906 0.025000 0.007812 0.050000
0 0.006250 0.032031 0.012500 0.064062
0 0.006250 0.023438 0.012500 0.046875
0 0.007031 0.025000 0.014063 0.049219
0 0.007812 0.019531 0.015625 0.038281
0 0.007812 0.004687 0.015625 0.009375
0 0.008594 0.003906 0.017188 0.007031
0 0.008594 0.004687 0.017188 0.008594
0 0.007812 0.025000 0.015625 0.049219
0 0.006250 0.038281 0.012500 0.076563
0 0.007031 0.037500 0.014063 0.075000
0 0.008594 0.003906 0.017188 0.007812
0 0.007031 0.025000 0.014063 0.050000
0 0.007031 0.005469 0.014063 0.010937
0 0.007812 0.003906 0.015625 0.007812
0 0.007031 0.027344 0.014063 0.054688
0 0.009375 0.023438 0.018750 0.046875
0 0.009375 0.021094 0.017969 0.042188
0 0.009375 0.019531 0.017969 0.038281
0 0.006250 0.028125 0.012500 0.056250
0 0.005469 0.036719 0.010937 0.072656
0 0.010156 0.021875 0.020313 0.043750
0 0.004687 0.025000 0.009375 0.050000
0 0.005469 0.017969 0.010937 0.035937
0 0.006250 0.017969 0.012500 0.035937
0 0.011719 0.017969 0.022656 0.035156
0 0.009375 0.025781 0.018750 0.051562
0 0.014063 0.011719 0.028125 0.023438
0 0.017188 0.014063 0.033594 0.028125
0 0.010937 0.014844 0.021875 0.029687
0 0.006250 0.021094 0.012500 0.042188
0 0.009375 0.021875 0.018750 0.043750
0 0.011719 0.031250 0.023438 0.062500
0 0.016406 0.014844 0.032813 0.029687
0 0.013281 0.007031 0.026562 0.014063
0 0.008594 0.013281 0.016406 0.025781
0 0.012500 0.012500 0.025000 0.025000
0 0.003906 0.024219 0.007812 0.048438
0 0.013281 0.029687 0.025781 0.059375
0 0.012500 0.036719 0.025000 0.073438
0 0.013281 0.028906 0.026562 0.057813
0 0.014063 0.029687 0.028125 0.059375
0 0.009375 0.015625 0.018750 0.030469
0 0.014063 0.025000 0.028125 0.050000
0 0.010156 0.028906 0.020313 0.057813
0 0.003125 0.016406 0.006250 0.032813
0 0.009375 0.014063 0.018750 0.028125
0 0.008594 0.004687 0.016406 0.009375
0 0.008594 0.005469 0.016406 0.010156
0 0.004687 0.003125 0.009375 0.005469
0 0.007812 0.005469 0.015625 0.010937
0 0.005469 0.003906 0.010156 0.007812
0 0.005469 0.003906 0.010937 0.007031
0 0.004687 0.036719 0.009375 0.072656
0 0.005469 0.002344 0.010937 0.004687
0 0.005469 0.004687 0.010937 0.008594
0 0.005469 0.004687 0.010937 0.009375
0 0.004687 0.002344 0.009375 0.004687
0 0.007031 0.003125 0.014063 0.006250
0 0.007031 0.002344 0.014063 0.004687
0 0.007031 0.029687 0.014063 0.058594
0 0.005469 0.029687 0.010937 0.059375
0 0.003125 0.032031 0.006250 0.063281
0 0.005469 0.025000 0.010937 0.049219
0 0.004687 0.024219 0.008594 0.047656
0 0.004687 0.005469 0.009375 0.010937
0 0.005469 0.022656 0.010156 0.045312
0 0.009375 0.017969 0.018750 0.035937
0 0.007031 0.017969 0.014063 0.035937
0 0.007812 0.018750 0.015625 0.036719
0 0.011719 0.016406 0.023438 0.032813
0 0.007812 0.006250 0.015625 0.012500
0 0.007812 0.014063 0.015625 0.028125
0 0.007031 0.014063 0.014063 0.028125
0 0.007812 0.012500 0.015625 0.025000
0 0.007031 0.010937 0.014063 0.021875
0 0.007812 0.019531 0.015625 0.039062
0 0.006250 0.021875 0.011719 0.043750
