0 0.007031 0.010937 0.013281 0.021094
0 0.006250 0.009375 0.012500 0.018750
0 0.007031 0.010156 0.013281 0.020313
0 0.007031 0.019531 0.014063 0.039062
0 0.010156 0.032813 0.019531 0.065625
0 0.017188 0.025000 0.034375 0.050000
0 0.007812 0.031250 0.015625 0.062500
0 0.007812 0.031250 0.014844 0.062500
0 0.008594 0.032031 0.017188 0.064062
0 0.019531 0.032813 0.039062 0.065625
0 0.010156 0.021875 0.020313 0.042969
0 0.011719 0.029687 0.023438 0.059375
0 0.027344 0.035156 0.053906 0.069531
0 0.012500 0.028906 0.024219 0.057031
0 0.007031 0.025781 0.014063 0.051562
0 0.010937 0.028906 0.021875 0.057813
0 0.010156 0.028125 0.020313 0.056250
0 0.007031 0.021094 0.014063 0.042188
0 0.006250 0.020313 0.012500 0.040625
0 0.007031 0.014844 0.013281 0.028906
0 0.007031 0.014844 0.014063 0.028906
0 0.010937 0.014844 0.021875 0.029687
0 0.014063 0.022656 0.028125 0.045312
0 0.007031 0.015625 0.014063 0.030469
0 0.014844 0.027344 0.029687 0.053906
0 0.009375 0.032031 0.018750 0.064062
0 0.007812 0.032031 0.015625 0.063281
0 0.006250 0.028125 0.012500 0.056250
0 0.007812 0.028125 0.015625 0.056250
0 0.014063 0.010156 0.028125 0.020313
0 0.010156 0.013281 0.019531 0.026562
0 0.017188 0.028125 0.034375 0.056250
0 0.010156 0.027344 0.020313 0.054688
0 0.012500 0.025000 0.025000 0.050000
0 0.009375 0.024219 0.018750 0.048438
0 0.011719 0.025000 0.023438 0.050000
0 0.009375 0.025000 0.018750 0.050000
0 0.012500 0.024219 0.025000 0.048438
0 0.009375 0.024219 0.017969 0.048438
0 0.010156 0.024219 0.020313 0.048438
0 0.010156 0.022656 0.020313 0.045312
0 0.010156 0.025000 0.019531 0.049219
0 0.009375 0.023438 0.018750 0.046875
0 0.010156 0.029687 0.020313 0.059375
0 0.009375 0.027344 0.018750 0.054688
0 0.008594 0.027344 0.017188 0.054688
0 0.013281 0.011719 0.026562 0.023438
0 0.013281 0.017188 0.025781 0.033594
0 0.013281 0.026562 0.025781 0.052344
0 0.007031 0.025000 0.014063 0.050000
0 0.008594 0.035156 0.017188 0.069531
0 0.010937 0.025781 0.021875 0.051562
0 0.010937 0.035937 0.021875 0.071094
0 0.010937 0.028125 0.021875 0.056250
0 0.011719 0.026562 0.023438 0.053125
0 0.015625 0.031250 0.030469 0.062500
0 0.011719 0.025781 0.022656 0.051562
0 0.010156 0.021094 0.019531 0.042188
0 0.014063 0.032031 0.027344 0.063281
0 0.010937 0.024219 0.021875 0.048438
0 0.010156 0.026562 0.019531 0.053125
0 0.010937 0.029687 0.021875 0.059375
0 0.010156 0.025781 0.020313 0.051562
0 0.009375 0.022656 0.018750 0.044531
0 0.009375 0.026562 0.018750 0.053125
0 0.006250 0.017969 0.012500 0.035937
0 0.009375 0.028125 0.018750 0.056250
0 0.009375 0.028125 0.017969 0.056250
0 0.010156 0.028125 0.020313 0.055469
0 0.010156 0.008594 0.020313 0.017188
0 0.009375 0.007812 0.018750 0.015625
0 0.007812 0.011719 0.015625 0.023438
0 0.010937 0.017969 0.021094 0.035156
0 0.010156 0.017188 0.020313 0.034375
0 0.009375 0.031250 0.018750 0.062500
0 0.003906 0.019531 0.007812 0.039062
0 0.012500 0.026562 0.025000 0.053125
0 0.010937 0.027344 0.021875 0.054688
0 0.013281 0.026562 0.026562 0.053125
0 0.011719 0.029687 0.022656 0.059375
0 0.011719 0.029687 0.022656 0.058594
0 0.010937 0.021875 0.021875 0.043750
0 0.010937 0.021094 0.021875 0.042188
0 0.012500 0.030469 0.025000 0.060937
0 0.013281 0.029687 0.025781 0.059375
0 0.006250 0.025781 0.012500 0.051562
0 0.007031 0.023438 0.013281 0.046875
0 0.004687 0.014063 0.009375 0.028125
0 0.007031 0.012500 0.014063 0.025000
0 0.007031 0.017969 0.014063 0.035937
0 0.010156 0.017969 0.020313 0.035156
0 0.005469 0.021875 0.010937 0.043750
0 0.008594 0.008594 0.017188 0.017188
0 0.015625 0.032813 0.031250 0.065625
0 0.010156 0.008594 0.019531 0.017188
0 0.008594 0.020313 0.017188 0.039844
0 0.009375 0.022656 0.018750 0.045312
0 0.007812 0.022656 0.015625 0.045312
0 0.005469 0.022656 0.010937 0.045312
0 0.012500 0.023438 0.025000 0.046875
0 0.014844 0.023438 0.029687 0.046875
0 0.008594 0.019531 0.016406 0.038281
0 0.014844 0.032031 0.029687 0.063281
0 0.011719 0.030469 0.023438 0.060937
0 0.014063 0.031250 0.028125 0.062500
0 0.011719 0.027344 0.023438 0.054688
0 0.009375 0.008594 0.018750 0.017188
0 0.011719 0.025781 0.023438 0.051562
0 0.010937 0.026562 0.021875 0.053125
0 0.019531 0.032031 0.039062 0.064062
0 0.014063 0.025000 0.028125 0.050000
0 0.014063 0.025000 0.028125 0.049219
0 0.012500 0.025000 0.024219 0.050000
0 0.010937 0.009375 0.021875 0.018750
0 0.010156 0.009375 0.019531 0.017969
0 0.008594 0.016406 0.017188 0.032813
0 0.009375 0.017969 0.017969 0.035937
0 0.008594 0.028125 0.017188 0.056250
0 0.008594 0.021094 0.017188 0.042188
0 0.010937 0.023438 0.021875 0.046875
0 0.014063 0.025781 0.027344 0.050781
