0 0.007031 0.027344 0.013281 0.054688
0 0.011719 0.015625 0.023438 0.031250
0 0.007812 0.027344 0.014844 0.054688
0 0.006250 0.027344 0.012500 0.054688
0 0.007031 0.017188 0.014063 0.034375
0 0.008594 0.018750 0.016406 0.037500
0 0.007031 0.019531 0.014063 0.039062
0 0.005469 0.019531 0.010937 0.039062
0 0.009375 0.017969 0.018750 0.035937
0 0.003906 0.017969 0.007812 0.035937
0 0.006250 0.026562 0.012500 0.053125
0 0.007031 0.026562 0.014063 0.053125
0 0.005469 0.018750 0.010156 0.037500
0 0.005469 0.032813 0.010937 0.065625
0 0.008594 0.022656 0.017188 0.045312
0 0.012500 0.020313 0.025000 0.040625
0 0.008594 0.021094 0.017188 0.042188
0 0.010156 0.020313 0.019531 0.040625
0 0.007031 0.027344 0.014063 0.054688
0 0.013281 0.027344 0.026562 0.054688
0 0.010937 0.025781 0.021094 0.051562
0 0.005469 0.017188 0.010937 0.034375
0 0.007031 0.018750 0.014063 0.037500
0 0.006250 0.032813 0.011719 0.065625
0 0.010156 0.025781 0.019531 0.051562
0 0.006250 0.028125 0.011719 0.056250
0 0.006250 0.018750 0.012500 0.037500
0 0.007812 0.018750 0.015625 0.037500
0 0.009375 0.021094 0.017969 0.042188
0 0.007812 0.021094 0.015625 0.042188
0 0.007031 0.026562 0.013281 0.053125
0 0.010937 0.025781 0.021875 0.051562
0 0.008594 0.017969 0.016406 0.035937
0 0.007812 0.028125 0.015625 0.056250
0 0.008594 0.018750 0.017188 0.037500
0 0.007812 0.025000 0.014844 0.050000
0 0.007031 0.025000 0.014063 0.050000
0 0.014063 0.025000 0.027344 0.050000
0 0.007031 0.031250 0.014063 0.062500
0 0.005469 0.025000 0.010937 0.050000
0 0.006250 0.025000 0.011719 0.050000
0 0.007812 0.025781 0.014844 0.051562
0 0.008594 0.021875 0.017188 0.043750
0 0.008594 0.024219 0.016406 0.048438
0 0.009375 0.024219 0.018750 0.048438
0 0.009375 0.025000 0.018750 0.050000
0 0.010156 0.026562 0.020313 0.052344
0 0.008594 0.025781 0.017188 0.051562
0 0.007812 0.025781 0.015625 0.051562
0 0.008594 0.025000 0.017188 0.050000
0 0.008594 0.024219 0.017188 0.048438
0 0.011719 0.023438 0.022656 0.046875
0 0.009375 0.025781 0.018750 0.051562
0 0.008594 0.023438 0.017188 0.046875
0 0.007812 0.023438 0.014844 0.046875
0 0.007812 0.025000 0.015625 0.050000
0 0.009375 0.025781 0.017969 0.051562
0 0.008594 0.022656 0.016406 0.045312
0 0.008594 0.021875 0.016406 0.043750
0 0.006250 0.025000 0.012500 0.050000
0 0.009375 0.022656 0.018750 0.045312
0 0.007812 0.021875 0.015625 0.043750
0 0.010156 0.025000 0.020313 0.050000
0 0.010937 0.026562 0.021875 0.053125
0 0.007812 0.029687 0.015625 0.059375
0 0.006250 0.030469 0.012500 0.060937
0 0.007812 0.030469 0.014844 0.060937
0 0.007031 0.032031 0.014063 0.064062
0 0.007031 0.032031 0.013281 0.064062
0 0.007031 0.032813 0.014063 0.065625
0 0.007031 0.030469 0.014063 0.060937
0 0.007031 0.031250 0.013281 0.062500
0 0.006250 0.033594 0.012500 0.067187
0 0.008594 0.032813 0.017188 0.065625
0 0.005469 0.027344 0.010156 0.054688
0 0.007031 0.028125 0.014063 0.056250
0 0.008594 0.032031 0.016406 0.064062
0 0.007031 0.017969 0.014063 0.035937
0 0.012500 0.035937 0.025000 0.071875
0 0.007812 0.028125 0.015625 0.055469
0 0.010156 0.027344 0.019531 0.054688
0 0.008594 0.028125 0.017188 0.056250
0 0.009375 0.027344 0.018750 0.054688
0 0.010937 0.025000 0.021875 0.050000
0 0.010156 0.025781 0.020313 0.051562
0 0.010156 0.026562 0.019531 0.052344
0 0.010156 0.027344 0.020313 0.054688
0 0.006250 0.033594 0.011719 0.067187
0 0.007031 0.033594 0.014063 0.067187
0 0.008594 0.019531 0.017188 0.039062
0 0.008594 0.019531 0.016406 0.039062
0 0.007812 0.020313 0.015625 0.039844
0 0.008594 0.020313 0.017188 0.040625
0 0.007812 0.020313 0.014844 0.040625
0 0.006250 0.017969 0.012500 0.035937
0 0.007031 0.021094 0.014063 0.042188
0 0.007812 0.019531 0.015625 0.039062
0 0.007031 0.020313 0.013281 0.040625
0 0.006250 0.019531 0.012500 0.039062
0 0.007031 0.019531 0.013281 0.039062
0 0.007031 0.021094 0.013281 0.042188
0 0.007812 0.017969 0.015625 0.035937
0 0.005469 0.031250 0.010156 0.062500
0 0.008594 0.023438 0.016406 0.046094
0 0.007812 0.022656 0.015625 0.045312
0 0.009375 0.023438 0.018750 0.046875
0 0.010937 0.021875 0.021875 0.043750
