0 0.005469 0.027344 0.010937 0.054688
0 0.005469 0.020313 0.010937 0.039844
0 0.005469 0.024219 0.010937 0.048438
0 0.006250 0.029687 0.012500 0.059375
0 0.006250 0.028906 0.012500 0.057813
0 0.007812 0.028906 0.015625 0.057813
0 0.007031 0.027344 0.014063 0.054688
0 0.006250 0.024219 0.012500 0.048438
0 0.005469 0.025000 0.010937 0.050000
0 0.010156 0.027344 0.020313 0.054688
0 0.005469 0.022656 0.010937 0.045312
0 0.006250 0.027344 0.011719 0.053906
0 0.007031 0.028125 0.014063 0.056250
0 0.006250 0.028125 0.012500 0.056250
0 0.008594 0.033594 0.016406 0.066406
0 0.010156 0.032813 0.020313 0.065625
0 0.007812 0.032813 0.015625 0.065625
0 0.007031 0.029687 0.014063 0.059375
0 0.008594 0.031250 0.017188 0.062500
0 0.006250 0.030469 0.011719 0.060937
0 0.008594 0.032031 0.017188 0.063281
0 0.007812 0.030469 0.015625 0.060937
0 0.006250 0.021875 0.012500 0.043750
0 0.007031 0.027344 0.014063 0.053906
0 0.007031 0.026562 0.014063 0.052344
0 0.005469 0.029687 0.010937 0.059375
0 0.006250 0.025781 0.012500 0.051562
0 0.008594 0.026562 0.017188 0.053125
