0 0.007812 0.034375 0.014844 0.068750
0 0.006250 0.031250 0.012500 0.062500
0 0.007031 0.033594 0.013281 0.067187
0 0.004687 0.030469 0.009375 0.060937
0 0.005469 0.031250 0.010937 0.062500
0 0.007031 0.031250 0.014063 0.062500
0 0.006250 0.033594 0.011719 0.067187
0 0.007031 0.034375 0.014063 0.068750
0 0.007031 0.035937 0.014063 0.071875
0 0.007031 0.032813 0.014063 0.065625
0 0.009375 0.040625 0.017969 0.080469
0 0.006250 0.034375 0.011719 0.068750
0 0.007812 0.035937 0.015625 0.071875
0 0.007031 0.032031 0.013281 0.064062
0 0.005469 0.032031 0.010937 0.064062
0 0.006250 0.030469 0.012500 0.060937
0 0.007031 0.029687 0.013281 0.059375
0 0.004687 0.026562 0.009375 0.053125
0 0.006250 0.028906 0.012500 0.057813
0 0.005469 0.031250 0.010156 0.062500
0 0.004687 0.027344 0.009375 0.054688
0 0.003906 0.027344 0.007031 0.054688
0 0.005469 0.027344 0.010937 0.054688
0 0.008594 0.031250 0.016406 0.061719
0 0.008594 0.032031 0.017188 0.064062
0 0.006250 0.034375 0.012500 0.068750
0 0.006250 0.029687 0.012500 0.059375
0 0.007031 0.035156 0.014063 0.070312
0 0.007812 0.030469 0.015625 0.060937
0 0.008594 0.029687 0.017188 0.059375
0 0.007031 0.025781 0.014063 0.051562
0 0.010156 0.021094 0.020313 0.042188
0 0.005469 0.024219 0.010937 0.048438
0 0.006250 0.027344 0.011719 0.054688
0 0.007031 0.030469 0.014063 0.060937
0 0.007031 0.032031 0.014063 0.064062
0 0.007812 0.038281 0.015625 0.076563
0 0.007812 0.034375 0.015625 0.068750
0 0.009375 0.041406 0.018750 0.082812
0 0.008594 0.039844 0.016406 0.079687
0 0.007031 0.037500 0.013281 0.075000
0 0.008594 0.009375 0.016406 0.018750
0 0.007812 0.028906 0.015625 0.057813
0 0.005469 0.029687 0.010937 0.059375
0 0.005469 0.024219 0.010156 0.048438
0 0.005469 0.028125 0.010156 0.056250
0 0.004687 0.032031 0.008594 0.064062
0 0.005469 0.032813 0.010156 0.065625
0 0.006250 0.032813 0.012500 0.065625
0 0.005469 0.032813 0.010937 0.065625
0 0.005469 0.030469 0.010156 0.060937
0 0.007031 0.028125 0.014063 0.056250
0 0.007031 0.028906 0.013281 0.057813
0 0.003906 0.026562 0.007812 0.053125
0 0.007812 0.032031 0.014844 0.064062
0 0.008594 0.037500 0.017188 0.075000
0 0.009375 0.032031 0.017969 0.064062
0 0.003906 0.032813 0.007031 0.065625
0 0.009375 0.040625 0.018750 0.081250
0 0.005469 0.030469 0.010937 0.060937
0 0.008594 0.029687 0.016406 0.059375
0 0.003906 0.029687 0.007812 0.059375
0 0.003906 0.036719 0.007812 0.073438
0 0.005469 0.035937 0.010937 0.071875
0 0.004687 0.035937 0.009375 0.071094
0 0.004687 0.031250 0.008594 0.062500
0 0.004687 0.032813 0.009375 0.065625
0 0.004687 0.029687 0.008594 0.059375
0 0.003125 0.028125 0.005469 0.056250
0 0.004687 0.031250 0.009375 0.062500
0 0.009375 0.012500 0.017969 0.024219
0 0.003125 0.031250 0.006250 0.062500
0 0.003906 0.032031 0.007812 0.064062
0 0.007031 0.025000 0.014063 0.050000
0 0.009375 0.039062 0.018750 0.078125
0 0.010937 0.039062 0.021875 0.078125
0 0.010156 0.042188 0.019531 0.084375
0 0.012500 0.027344 0.025000 0.054688
0 0.004687 0.025000 0.009375 0.050000
0 0.003906 0.032813 0.007812 0.065625
0 0.008594 0.032813 0.017188 0.065625
0 0.007031 0.040625 0.014063 0.081250
0 0.007812 0.052344 0.014844 0.104688
0 0.007031 0.028906 0.014063 0.057813
0 0.004687 0.026562 0.008594 0.053125
0 0.006250 0.028125 0.012500 0.056250
0 0.004687 0.028125 0.009375 0.056250
0 0.004687 0.021875 0.009375 0.043750
0 0.007812 0.039062 0.015625 0.078125
0 0.009375 0.036719 0.017969 0.073438
0 0.005469 0.039062 0.010937 0.078125
0 0.009375 0.030469 0.017969 0.060937
0 0.007031 0.035156 0.013281 0.070312
0 0.010937 0.034375 0.021875 0.068750
0 0.016406 0.048438 0.032031 0.096875
0 0.012500 0.044531 0.025000 0.089063
0 0.008594 0.051562 0.017188 0.103125
0 0.003906 0.028125 0.007031 0.056250
0 0.005469 0.023438 0.010937 0.046875
0 0.004687 0.025781 0.009375 0.051562
0 0.007812 0.042188 0.015625 0.084375
0 0.004687 0.025000 0.008594 0.049219
0 0.006250 0.025781 0.011719 0.051562
0 0.007031 0.028125 0.013281 0.056250
0 0.007031 0.033594 0.014063 0.067187
0 0.005469 0.031250 0.010156 0.061719
0 0.005469 0.039844 0.010937 0.079687
0 0.006250 0.040625 0.011719 0.080469
0 0.008594 0.046094 0.017188 0.092188
0 0.004687 0.044531 0.009375 0.089063
0 0.009375 0.038281 0.018750 0.076563
0 0.009375 0.035937 0.018750 0.071875
0 0.010156 0.033594 0.019531 0.067187
0 0.008594 0.035937 0.016406 0.071875
0 0.009375 0.032813 0.018750 0.065625
0 0.007031 0.036719 0.014063 0.073438
0 0.008594 0.041406 0.017188 0.082812
0 0.005469 0.025781 0.010937 0.051562
0 0.004687 0.021094 0.009375 0.042188
0 0.005469 0.028906 0.010156 0.057813
0 0.004687 0.028906 0.008594 0.057813
0 0.005469 0.035937 0.010937 0.071094
0 0.006250 0.026562 0.012500 0.053125
0 0.006250 0.037500 0.012500 0.075000
0 0.004687 0.035156 0.008594 0.070312
0 0.005469 0.040625 0.010937 0.081250
0 0.008594 0.048438 0.016406 0.096875
0 0.007031 0.036719 0.013281 0.073438
0 0.006250 0.042969 0.011719 0.085938
