0 0.013281 0.005469 0.026562 0.010937
0 0.011719 0.004687 0.022656 0.009375
0 0.012500 0.017188 0.024219 0.034375
0 0.009375 0.018750 0.017969 0.036719
0 0.011719 0.017969 0.023438 0.035937
0 0.008594 0.021875 0.017188 0.043750
0 0.009375 0.016406 0.018750 0.032813
0 0.011719 0.015625 0.022656 0.031250
0 0.010937 0.014063 0.021094 0.028125
0 0.012500 0.015625 0.024219 0.030469
0 0.010156 0.014844 0.020313 0.029687
0 0.012500 0.014063 0.025000 0.028125
0 0.013281 0.014063 0.026562 0.028125
0 0.012500 0.011719 0.025000 0.023438
0 0.009375 0.014063 0.018750 0.028125
0 0.011719 0.017188 0.022656 0.034375
0 0.010156 0.015625 0.020313 0.031250
0 0.010156 0.012500 0.019531 0.025000
0 0.011719 0.024219 0.023438 0.048438
0 0.014844 0.032031 0.028906 0.064062
0 0.015625 0.025781 0.030469 0.051562
0 0.007812 0.018750 0.015625 0.037500
0 0.008594 0.032031 0.017188 0.064062
0 0.010937 0.023438 0.021094 0.046875
0 0.014063 0.029687 0.028125 0.059375
0 0.015625 0.030469 0.031250 0.060937
0 0.013281 0.029687 0.026562 0.059375
0 0.007031 0.017969 0.014063 0.035937
0 0.009375 0.022656 0.017969 0.045312
0 0.010937 0.017188 0.021875 0.034375
0 0.012500 0.024219 0.025000 0.048438
0 0.011719 0.028906 0.023438 0.057813
0 0.014063 0.023438 0.028125 0.046875
0 0.010156 0.023438 0.019531 0.046875
0 0.010937 0.021875 0.021094 0.043750
0 0.007812 0.021094 0.015625 0.042188
0 0.009375 0.023438 0.017969 0.046875
0 0.008594 0.023438 0.017188 0.046094
0 0.010156 0.021875 0.020313 0.043750
0 0.010156 0.022656 0.020313 0.045312
0 0.010156 0.025781 0.020313 0.051562
0 0.010937 0.027344 0.021094 0.054688
0 0.008594 0.012500 0.017188 0.025000
0 0.016406 0.007031 0.032031 0.014063
0 0.016406 0.006250 0.032031 0.012500
0 0.014844 0.007031 0.028906 0.014063
0 0.014063 0.007031 0.028125 0.014063
0 0.011719 0.023438 0.023438 0.046875
0 0.007812 0.020313 0.014844 0.040625
0 0.010937 0.018750 0.021875 0.037500
0 0.007031 0.021094 0.014063 0.042188
0 0.009375 0.021875 0.018750 0.043750
0 0.011719 0.020313 0.022656 0.040625
0 0.013281 0.016406 0.025781 0.032813
0 0.013281 0.015625 0.026562 0.031250
0 0.013281 0.012500 0.025781 0.025000
0 0.010156 0.029687 0.019531 0.059375
0 0.013281 0.028125 0.026562 0.055469
0 0.011719 0.012500 0.022656 0.024219
0 0.012500 0.020313 0.025000 0.040625
0 0.010937 0.020313 0.021875 0.040625
0 0.011719 0.019531 0.022656 0.039062
0 0.011719 0.016406 0.023438 0.032813
0 0.010156 0.017188 0.019531 0.034375
0 0.011719 0.015625 0.023438 0.031250
0 0.018750 0.003906 0.036719 0.007812
0 0.019531 0.005469 0.038281 0.010937
0 0.017969 0.004687 0.035156 0.009375
0 0.020313 0.005469 0.040625 0.010937
0 0.014063 0.018750 0.027344 0.036719
0 0.011719 0.032031 0.023438 0.064062
0 0.010156 0.019531 0.020313 0.039062
0 0.008594 0.034375 0.017188 0.068750
0 0.020313 0.004687 0.039844 0.009375
0 0.019531 0.005469 0.039062 0.010937
0 0.017969 0.003906 0.035937 0.007812
0 0.019531 0.003906 0.039062 0.007812
0 0.018750 0.004687 0.037500 0.009375
0 0.018750 0.005469 0.037500 0.010937
0 0.019531 0.006250 0.039062 0.012500
0 0.014063 0.005469 0.028125 0.010937
0 0.014844 0.009375 0.028906 0.018750
0 0.007031 0.019531 0.014063 0.039062
0 0.007812 0.032031 0.015625 0.064062
0 0.010156 0.017969 0.019531 0.035937
0 0.008594 0.010156 0.016406 0.020313
0 0.004687 0.028125 0.009375 0.056250
0 0.007812 0.025781 0.015625 0.051562
0 0.005469 0.025781 0.010937 0.051562
0 0.011719 0.029687 0.023438 0.059375
0 0.012500 0.030469 0.025000 0.060937
0 0.021875 0.007812 0.043750 0.015625
0 0.021875 0.007812 0.042969 0.015625
0 0.004687 0.020313 0.009375 0.040625
0 0.004687 0.021875 0.009375 0.043750
0 0.012500 0.012500 0.024219 0.025000
0 0.010156 0.007031 0.019531 0.014063
0 0.010937 0.010156 0.021875 0.020313
0 0.013281 0.025781 0.026562 0.051562
0 0.011719 0.033594 0.022656 0.067187
0 0.007812 0.032031 0.014844 0.064062
0 0.010937 0.035156 0.021875 0.070312
0 0.010156 0.033594 0.020313 0.067187
0 0.010937 0.015625 0.021094 0.031250
0 0.010937 0.017969 0.021094 0.035937
0 0.008594 0.015625 0.017188 0.031250
0 0.007812 0.032813 0.014844 0.065625
0 0.004687 0.019531 0.008594 0.039062
0 0.006250 0.021875 0.012500 0.043750
0 0.009375 0.029687 0.018750 0.059375
0 0.007812 0.027344 0.015625 0.054688
0 0.007031 0.026562 0.014063 0.053125
0 0.004687 0.019531 0.009375 0.039062
