0 0.011719 0.007031 0.023438 0.014063
0 0.010937 0.017188 0.021094 0.034375
0 0.010937 0.015625 0.021875 0.030469
0 0.010937 0.014844 0.021875 0.029687
0 0.010156 0.007812 0.020313 0.015625
0 0.013281 0.009375 0.026562 0.017969
0 0.012500 0.023438 0.025000 0.046875
0 0.013281 0.021875 0.026562 0.042969
0 0.012500 0.012500 0.024219 0.025000
0 0.013281 0.015625 0.025781 0.030469
0 0.011719 0.007812 0.023438 0.014844
0 0.007031 0.008594 0.014063 0.017188
0 0.008594 0.011719 0.017188 0.023438
0 0.008594 0.007812 0.017188 0.015625
0 0.007812 0.011719 0.015625 0.023438
0 0.009375 0.012500 0.018750 0.025000
0 0.014844 0.011719 0.029687 0.023438
0 0.015625 0.012500 0.031250 0.025000
0 0.011719 0.012500 0.023438 0.025000
0 0.014844 0.014063 0.029687 0.028125
0 0.012500 0.007031 0.025000 0.014063
0 0.011719 0.010156 0.023438 0.020313
0 0.013281 0.011719 0.026562 0.022656
0 0.014844 0.012500 0.028906 0.024219
0 0.011719 0.011719 0.023438 0.023438
0 0.012500 0.013281 0.025000 0.025781
0 0.012500 0.010937 0.025000 0.021094
0 0.012500 0.012500 0.025000 0.025000
0 0.005469 0.017969 0.010937 0.035937
0 0.010156 0.009375 0.020313 0.018750
0 0.011719 0.008594 0.023438 0.016406
0 0.016406 0.010156 0.032813 0.020313
0 0.013281 0.010156 0.026562 0.020313
0 0.013281 0.011719 0.026562 0.023438
0 0.013281 0.011719 0.025781 0.023438
0 0.011719 0.009375 0.023438 0.018750
0 0.010937 0.007812 0.021875 0.015625
0 0.008594 0.008594 0.017188 0.017188
0 0.009375 0.010937 0.018750 0.021875
0 0.012500 0.011719 0.025000 0.023438
0 0.012500 0.010156 0.025000 0.020313
0 0.013281 0.010937 0.026562 0.021875
0 0.014063 0.009375 0.027344 0.018750
0 0.010156 0.015625 0.019531 0.031250
0 0.010937 0.016406 0.021875 0.032813
0 0.011719 0.017188 0.023438 0.034375
0 0.022656 0.017188 0.044531 0.033594
0 0.021094 0.014844 0.042188 0.029687
0 0.017969 0.014844 0.035937 0.029687
0 0.014844 0.010156 0.028906 0.020313
0 0.013281 0.007812 0.026562 0.015625
0 0.014063 0.010156 0.028125 0.020313
0 0.012500 0.010156 0.024219 0.020313
0 0.010937 0.009375 0.021094 0.018750
0 0.014063 0.009375 0.028125 0.018750
0 0.014063 0.008594 0.028125 0.017188
0 0.012500 0.008594 0.025000 0.017188
0 0.010156 0.014063 0.020313 0.028125
0 0.007031 0.009375 0.014063 0.018750
0 0.009375 0.008594 0.018750 0.017188
0 0.009375 0.009375 0.018750 0.018750
0 0.010937 0.010156 0.021875 0.019531
0 0.010937 0.018750 0.021875 0.037500
0 0.011719 0.009375 0.023438 0.017969
0 0.010937 0.009375 0.021875 0.018750
0 0.012500 0.009375 0.025000 0.018750
0 0.009375 0.003125 0.018750 0.006250
0 0.009375 0.009375 0.018750 0.017969
0 0.010937 0.007812 0.021094 0.015625
0 0.010156 0.008594 0.019531 0.017188
0 0.023438 0.015625 0.046094 0.031250
0 0.011719 0.007812 0.023438 0.015625
0 0.010937 0.009375 0.021094 0.017969
0 0.010156 0.005469 0.019531 0.010156
0 0.010937 0.003906 0.021094 0.007812
0 0.010937 0.004687 0.021094 0.009375
0 0.014844 0.011719 0.028906 0.022656
0 0.010156 0.003906 0.020313 0.007812
0 0.013281 0.009375 0.026562 0.018750
0 0.027344 0.019531 0.054688 0.039062
0 0.025781 0.018750 0.051562 0.037500
0 0.012500 0.020313 0.025000 0.039844
0 0.010937 0.017969 0.021094 0.035937
0 0.011719 0.018750 0.023438 0.037500
0 0.010156 0.018750 0.020313 0.037500
0 0.009375 0.017969 0.018750 0.035937
0 0.014063 0.007812 0.028125 0.015625
0 0.014844 0.008594 0.029687 0.017188
0 0.017188 0.010937 0.033594 0.021875
0 0.014844 0.010937 0.029687 0.021094
0 0.009375 0.007812 0.018750 0.015625
0 0.008594 0.019531 0.017188 0.039062
0 0.010937 0.008594 0.021875 0.016406
0 0.013281 0.021094 0.026562 0.042188
0 0.010156 0.008594 0.020313 0.016406
0 0.016406 0.010156 0.032031 0.020313
0 0.013281 0.008594 0.025781 0.017188
0 0.010156 0.021094 0.020313 0.042188
0 0.011719 0.011719 0.022656 0.023438
0 0.010937 0.012500 0.021094 0.024219
0 0.012500 0.009375 0.025000 0.017969
0 0.014063 0.016406 0.028125 0.032813
0 0.014844 0.007812 0.029687 0.015625
0 0.014063 0.011719 0.028125 0.023438
0 0.014063 0.010937 0.027344 0.021094
0 0.013281 0.009375 0.025781 0.018750
0 0.010156 0.007031 0.020313 0.014063
0 0.013281 0.017969 0.026562 0.035937
0 0.016406 0.017188 0.032031 0.034375
0 0.014844 0.010937 0.029687 0.021875
0 0.010937 0.010937 0.021094 0.021875
0 0.012500 0.022656 0.024219 0.045312
0 0.013281 0.021875 0.026562 0.043750
0 0.010156 0.008594 0.020313 0.017188
