0 0.023438 0.007812 0.046875 0.014844
0 0.024219 0.010156 0.047656 0.020313
0 0.024219 0.010156 0.048438 0.020313
0 0.023438 0.009375 0.046875 0.018750
0 0.021094 0.008594 0.042188 0.017188
0 0.021875 0.007812 0.043750 0.015625
0 0.022656 0.008594 0.045312 0.017188
0 0.018750 0.008594 0.037500 0.017188
0 0.019531 0.008594 0.039062 0.017188
0 0.022656 0.006250 0.045312 0.012500
0 0.022656 0.008594 0.045312 0.016406
0 0.023438 0.010937 0.046094 0.021875
0 0.023438 0.007812 0.046094 0.015625
0 0.021875 0.008594 0.043750 0.017188
0 0.023438 0.007812 0.046875 0.015625
0 0.021875 0.006250 0.043750 0.012500
0 0.022656 0.009375 0.045312 0.018750
0 0.024219 0.013281 0.048438 0.026562
0 0.022656 0.010156 0.045312 0.020313
0 0.023438 0.004687 0.046875 0.008594
0 0.018750 0.009375 0.037500 0.018750
0 0.023438 0.008594 0.046875 0.017188
0 0.023438 0.008594 0.046094 0.017188
0 0.022656 0.005469 0.045312 0.010937
0 0.021875 0.004687 0.043750 0.009375
0 0.017969 0.010937 0.035156 0.021875
0 0.022656 0.007031 0.045312 0.014063
0 0.025000 0.009375 0.050000 0.018750
0 0.008594 0.014063 0.017188 0.028125
0 0.019531 0.005469 0.039062 0.010937
0 0.019531 0.003906 0.039062 0.007812
0 0.021094 0.007812 0.042188 0.015625
0 0.021875 0.007031 0.043750 0.013281
0 0.021875 0.009375 0.043750 0.018750
0 0.023438 0.017188 0.046094 0.033594
0 0.023438 0.010156 0.046875 0.020313
0 0.023438 0.009375 0.046094 0.018750
0 0.023438 0.019531 0.046094 0.039062
0 0.025000 0.020313 0.050000 0.039844
0 0.021094 0.008594 0.042188 0.016406
0 0.025000 0.010937 0.050000 0.021875
0 0.020313 0.008594 0.040625 0.017188
0 0.019531 0.008594 0.038281 0.016406
0 0.018750 0.010937 0.037500 0.021094
0 0.021094 0.010937 0.042188 0.021875
0 0.021875 0.007812 0.043750 0.014844
0 0.019531 0.009375 0.039062 0.017969
0 0.004687 0.010156 0.009375 0.020313
0 0.020313 0.010156 0.040625 0.020313
0 0.020313 0.009375 0.040625 0.018750
0 0.025781 0.014844 0.051562 0.029687
0 0.023438 0.007031 0.046875 0.014063
0 0.021875 0.008594 0.042969 0.016406
0 0.020313 0.006250 0.040625 0.012500
0 0.016406 0.006250 0.032031 0.011719
0 0.022656 0.009375 0.045312 0.017969
0 0.023438 0.008594 0.046094 0.016406
0 0.021094 0.009375 0.042188 0.018750
0 0.014844 0.006250 0.029687 0.012500
0 0.019531 0.007812 0.039062 0.014844
0 0.010937 0.006250 0.021875 0.012500
0 0.023438 0.010937 0.046875 0.021875
0 0.024219 0.009375 0.047656 0.018750
0 0.013281 0.010156 0.026562 0.020313
0 0.014844 0.007031 0.029687 0.014063
0 0.020313 0.007031 0.040625 0.014063
0 0.024219 0.007812 0.048438 0.015625
0 0.023438 0.011719 0.046875 0.023438
0 0.025000 0.007812 0.050000 0.015625
0 0.014844 0.007812 0.028906 0.014844
0 0.017969 0.008594 0.035937 0.016406
0 0.017969 0.009375 0.035937 0.018750
0 0.022656 0.017969 0.045312 0.035937
0 0.024219 0.009375 0.048438 0.018750
0 0.025000 0.008594 0.050000 0.016406
0 0.023438 0.010156 0.046094 0.020313
0 0.016406 0.007812 0.032813 0.015625
0 0.012500 0.007031 0.025000 0.014063
0 0.011719 0.007812 0.023438 0.015625
0 0.011719 0.009375 0.023438 0.018750
0 0.024219 0.010937 0.048438 0.021875
0 0.021875 0.008594 0.042969 0.017188
0 0.022656 0.007812 0.045312 0.015625
