0 0.017188 0.019531 0.033594 0.039062
0 0.016406 0.019531 0.032031 0.039062
0 0.013281 0.017188 0.026562 0.034375
0 0.011719 0.017969 0.022656 0.035937
0 0.014063 0.013281 0.027344 0.026562
0 0.018750 0.022656 0.037500 0.045312
0 0.014063 0.018750 0.028125 0.037500
0 0.022656 0.023438 0.044531 0.046875
0 0.011719 0.014063 0.022656 0.027344
0 0.006250 0.013281 0.012500 0.026562
0 0.009375 0.014063 0.018750 0.028125
0 0.010156 0.012500 0.020313 0.025000
0 0.010156 0.014063 0.020313 0.028125
0 0.011719 0.012500 0.022656 0.025000
0 0.014063 0.015625 0.028125 0.031250
0 0.010937 0.016406 0.021875 0.032813
0 0.011719 0.015625 0.023438 0.031250
0 0.007031 0.013281 0.014063 0.026562
0 0.011719 0.014063 0.023438 0.028125
0 0.011719 0.026562 0.022656 0.053125
0 0.007812 0.013281 0.015625 0.026562
0 0.007812 0.010156 0.015625 0.020313
0 0.011719 0.014063 0.022656 0.028125
0 0.005469 0.019531 0.010937 0.039062
0 0.007812 0.022656 0.014844 0.045312
0 0.005469 0.025781 0.010937 0.051562
0 0.007031 0.022656 0.014063 0.045312
0 0.015625 0.021094 0.031250 0.042188
0 0.014063 0.024219 0.028125 0.048438
0 0.014063 0.023438 0.027344 0.046875
0 0.014844 0.020313 0.029687 0.040625
0 0.010156 0.019531 0.020313 0.039062
0 0.010937 0.018750 0.021094 0.036719
0 0.012500 0.014063 0.024219 0.028125
0 0.013281 0.021875 0.026562 0.043750
0 0.014063 0.017969 0.028125 0.035937
0 0.014844 0.025781 0.029687 0.051562
0 0.015625 0.026562 0.030469 0.053125
0 0.023438 0.028906 0.046875 0.057813
0 0.024219 0.039062 0.047656 0.078125
0 0.008594 0.013281 0.017188 0.026562
0 0.008594 0.012500 0.017188 0.024219
0 0.008594 0.014844 0.016406 0.029687
0 0.011719 0.016406 0.023438 0.032813
0 0.014844 0.017188 0.029687 0.034375
0 0.010156 0.013281 0.020313 0.026562
0 0.010937 0.014063 0.021875 0.028125
0 0.009375 0.012500 0.018750 0.025000
0 0.010156 0.013281 0.019531 0.026562
0 0.010937 0.016406 0.021094 0.032813
0 0.011719 0.015625 0.022656 0.031250
0 0.014063 0.017188 0.028125 0.034375
0 0.007812 0.017188 0.014844 0.034375
0 0.017188 0.018750 0.034375 0.037500
0 0.007812 0.011719 0.014844 0.023438
0 0.014844 0.010937 0.028906 0.021094
0 0.021094 0.021875 0.041406 0.043750
0 0.018750 0.018750 0.037500 0.037500
0 0.018750 0.020313 0.036719 0.040625
0 0.016406 0.017188 0.032813 0.034375
0 0.014063 0.014063 0.028125 0.028125
0 0.010937 0.017188 0.021875 0.034375
0 0.011719 0.017969 0.023438 0.035937
0 0.009375 0.014063 0.018750 0.027344
0 0.008594 0.016406 0.016406 0.032813
0 0.008594 0.014063 0.017188 0.027344
0 0.017969 0.018750 0.035156 0.037500
0 0.014063 0.016406 0.027344 0.032813
0 0.007031 0.014063 0.014063 0.028125
0 0.023438 0.021094 0.046875 0.042188
0 0.009375 0.029687 0.018750 0.059375
0 0.016406 0.020313 0.032813 0.040625
0 0.020313 0.020313 0.039844 0.039844
0 0.020313 0.022656 0.040625 0.045312
0 0.008594 0.011719 0.017188 0.023438
0 0.007812 0.010937 0.015625 0.021875
0 0.007812 0.012500 0.015625 0.025000
0 0.009375 0.012500 0.017969 0.025000
0 0.006250 0.010937 0.012500 0.021875
0 0.012500 0.014844 0.025000 0.029687
0 0.016406 0.017969 0.032813 0.035937
0 0.018750 0.018750 0.036719 0.037500
0 0.019531 0.020313 0.039062 0.040625
0 0.014063 0.021875 0.028125 0.042969
0 0.014844 0.018750 0.029687 0.037500
0 0.017969 0.019531 0.035937 0.039062
0 0.020313 0.020313 0.040625 0.039844
0 0.011719 0.018750 0.023438 0.037500
0 0.014844 0.017969 0.028906 0.035937
0 0.009375 0.010937 0.017969 0.021875
0 0.007031 0.021094 0.014063 0.042188
