0 0.006250 0.015625 0.011719 0.031250
0 0.006250 0.014844 0.012500 0.029687
0 0.005469 0.015625 0.010937 0.031250
0 0.006250 0.014844 0.012500 0.028906
0 0.010156 0.007031 0.019531 0.013281
0 0.008594 0.006250 0.017188 0.012500
0 0.013281 0.007812 0.026562 0.015625
0 0.006250 0.011719 0.011719 0.023438
0 0.005469 0.010156 0.010937 0.020313
0 0.006250 0.014063 0.012500 0.028125
0 0.004687 0.014063 0.009375 0.028125
0 0.006250 0.010937 0.012500 0.021094
0 0.006250 0.010937 0.012500 0.021875
0 0.005469 0.010937 0.010937 0.021875
0 0.004687 0.010937 0.009375 0.021875
0 0.006250 0.010156 0.012500 0.020313
0 0.005469 0.014844 0.010937 0.029687
0 0.004687 0.014844 0.009375 0.029687
0 0.006250 0.008594 0.012500 0.017188
0 0.005469 0.009375 0.010937 0.018750
0 0.011719 0.007812 0.023438 0.015625
0 0.009375 0.008594 0.018750 0.017188
0 0.014063 0.007031 0.028125 0.014063
0 0.012500 0.008594 0.025000 0.017188
0 0.014063 0.007812 0.028125 0.015625
0 0.005469 0.014844 0.010156 0.029687
0 0.006250 0.007031 0.012500 0.014063
0 0.004687 0.003906 0.009375 0.007812
0 0.003906 0.003906 0.007812 0.007812
0 0.003125 0.003906 0.006250 0.007812
0 0.003125 0.004687 0.006250 0.009375
0 0.009375 0.006250 0.018750 0.012500
0 0.003906 0.006250 0.007812 0.012500
0 0.003906 0.004687 0.007812 0.009375
0 0.004687 0.005469 0.008594 0.010156
0 0.005469 0.007812 0.010937 0.015625
0 0.005469 0.007031 0.010937 0.014063
0 0.004687 0.007031 0.009375 0.014063
0 0.005469 0.007031 0.010937 0.013281
0 0.010156 0.007031 0.020313 0.014063
0 0.007031 0.007031 0.014063 0.014063
0 0.003906 0.007812 0.007812 0.015625
0 0.007812 0.007031 0.015625 0.014063
0 0.011719 0.007031 0.023438 0.014063
0 0.012500 0.007031 0.024219 0.014063
0 0.011719 0.007031 0.022656 0.013281
0 0.006250 0.014844 0.011719 0.028906
0 0.005469 0.014063 0.010937 0.028125
0 0.004687 0.007812 0.009375 0.015625
0 0.009375 0.008594 0.017969 0.017188
0 0.006250 0.007812 0.011719 0.015625
0 0.006250 0.007812 0.012500 0.015625
0 0.004687 0.014844 0.009375 0.028906
0 0.010156 0.006250 0.020313 0.012500
0 0.007031 0.017188 0.014063 0.034375
0 0.009375 0.007031 0.017969 0.014063
0 0.003125 0.014844 0.005469 0.029687
0 0.002344 0.011719 0.004687 0.023438
0 0.007812 0.002344 0.015625 0.004687
0 0.007812 0.002344 0.015625 0.003906
0 0.008594 0.008594 0.017188 0.017188
0 0.003906 0.014844 0.007031 0.028906
0 0.007031 0.019531 0.014063 0.039062
0 0.008594 0.019531 0.017188 0.038281
0 0.009375 0.019531 0.017969 0.038281
0 0.007812 0.008594 0.015625 0.017188
0 0.007812 0.007812 0.015625 0.015625
0 0.008594 0.008594 0.016406 0.016406
0 0.009375 0.019531 0.018750 0.039062
0 0.008594 0.019531 0.017188 0.039062
0 0.010937 0.007031 0.021875 0.013281
0 0.003906 0.007812 0.007031 0.015625
0 0.007031 0.010937 0.013281 0.021875
0 0.004687 0.014844 0.008594 0.028906
0 0.007031 0.015625 0.014063 0.030469
0 0.006250 0.015625 0.012500 0.031250
0 0.006250 0.018750 0.012500 0.037500
0 0.006250 0.018750 0.012500 0.036719
0 0.005469 0.018750 0.010937 0.037500
0 0.007031 0.017969 0.014063 0.035937
0 0.007031 0.018750 0.014063 0.036719
0 0.004687 0.017188 0.009375 0.034375
0 0.006250 0.017188 0.012500 0.034375
0 0.007031 0.017969 0.014063 0.035156
0 0.005469 0.010937 0.010937 0.021094
0 0.007812 0.003906 0.015625 0.007812
0 0.003906 0.004687 0.007031 0.009375
0 0.006250 0.011719 0.012500 0.022656
0 0.006250 0.011719 0.011719 0.022656
0 0.006250 0.010937 0.011719 0.021875
0 0.003906 0.007031 0.007812 0.014063
0 0.004687 0.007812 0.008594 0.015625
0 0.005469 0.007812 0.010156 0.015625
0 0.004687 0.008594 0.009375 0.016406
0 0.007812 0.016406 0.015625 0.032813
0 0.008594 0.018750 0.016406 0.037500
0 0.009375 0.017188 0.018750 0.033594
0 0.006250 0.017188 0.012500 0.033594
0 0.006250 0.017969 0.012500 0.035937
0 0.005469 0.018750 0.010937 0.036719
0 0.009375 0.008594 0.018750 0.016406
0 0.007031 0.010156 0.014063 0.020313
0 0.006250 0.011719 0.012500 0.023438
0 0.004687 0.010156 0.009375 0.020313
0 0.006250 0.017969 0.011719 0.035156
0 0.007812 0.017188 0.015625 0.034375
0 0.007812 0.017969 0.015625 0.035937
0 0.004687 0.016406 0.009375 0.032813
0 0.008594 0.013281 0.017188 0.026562
0 0.005469 0.012500 0.010156 0.025000
0 0.008594 0.007031 0.017188 0.014063
0 0.002344 0.009375 0.004687 0.018750
0 0.009375 0.006250 0.017969 0.012500
0 0.003125 0.009375 0.006250 0.018750
0 0.003125 0.010156 0.005469 0.019531
0 0.006250 0.007031 0.011719 0.014063
0 0.006250 0.007812 0.012500 0.014844
0 0.006250 0.017188 0.011719 0.034375
0 0.008594 0.017969 0.017188 0.035937
0 0.007031 0.018750 0.014063 0.037500
0 0.007031 0.018750 0.013281 0.036719
0 0.008594 0.018750 0.017188 0.037500
0 0.004687 0.011719 0.008594 0.023438
0 0.002344 0.010156 0.004687 0.019531
0 0.006250 0.005469 0.012500 0.010937
0 0.004687 0.012500 0.009375 0.025000
0 0.004687 0.012500 0.008594 0.025000
0 0.007031 0.014063 0.014063 0.028125
0 0.005469 0.014063 0.010937 0.027344
0 0.004687 0.013281 0.009375 0.026562
0 0.007812 0.014844 0.015625 0.029687
0 0.006250 0.014063 0.011719 0.028125
0 0.007031 0.014063 0.013281 0.027344
0 0.007812 0.012500 0.015625 0.025000
0 0.003906 0.013281 0.007812 0.026562
0 0.007812 0.013281 0.015625 0.026562
0 0.003906 0.003125 0.007812 0.006250
0 0.005469 0.005469 0.010937 0.010937
0 0.004687 0.007031 0.008594 0.013281
0 0.002344 0.010156 0.004687 0.020313
0 0.003125 0.006250 0.006250 0.012500
0 0.005469 0.006250 0.010937 0.012500
0 0.006250 0.004687 0.012500 0.009375
0 0.005469 0.013281 0.010937 0.026562
0 0.007031 0.008594 0.014063 0.017188
0 0.007812 0.008594 0.015625 0.016406
0 0.005469 0.008594 0.010937 0.017188
0 0.007031 0.010937 0.014063 0.021875
0 0.009375 0.011719 0.017969 0.023438
0 0.008594 0.012500 0.017188 0.024219
0 0.008594 0.018750 0.017188 0.036719
0 0.003906 0.010937 0.007812 0.021875
0 0.005469 0.010937 0.010156 0.021094
0 0.005469 0.011719 0.010937 0.023438
0 0.006250 0.014844 0.011719 0.029687
0 0.006250 0.012500 0.011719 0.024219
0 0.003906 0.006250 0.007031 0.011719
0 0.002344 0.014844 0.004687 0.029687
