0 0.009375 0.022656 0.018750 0.045312
0 0.015625 0.010937 0.031250 0.021875
0 0.012500 0.008594 0.025000 0.017188
0 0.017188 0.024219 0.034375 0.048438
0 0.015625 0.022656 0.031250 0.045312
0 0.017188 0.023438 0.034375 0.046875
0 0.012500 0.010156 0.025000 0.020313
0 0.012500 0.009375 0.025000 0.018750
0 0.013281 0.012500 0.026562 0.025000
0 0.008594 0.021875 0.017188 0.042969
0 0.007812 0.023438 0.015625 0.046875
0 0.010937 0.010156 0.021875 0.020313
0 0.010937 0.010937 0.021875 0.021875
0 0.007812 0.022656 0.015625 0.045312
0 0.007812 0.017188 0.015625 0.034375
0 0.007812 0.018750 0.015625 0.037500
0 0.008594 0.020313 0.017188 0.040625
0 0.016406 0.024219 0.032813 0.048438
0 0.007031 0.023438 0.014063 0.046875
0 0.016406 0.023438 0.032813 0.046875
0 0.014844 0.021875 0.029687 0.043750
0 0.009375 0.021094 0.018750 0.042188
0 0.016406 0.021094 0.032813 0.042188
0 0.017969 0.021094 0.035937 0.042188
0 0.008594 0.028906 0.017188 0.057813
0 0.010937 0.028125 0.021875 0.056250
0 0.014063 0.035937 0.028125 0.071875
0 0.006250 0.027344 0.012500 0.054688
0 0.010937 0.033594 0.021875 0.066406
0 0.014063 0.033594 0.027344 0.067187
0 0.010937 0.028125 0.021094 0.055469
0 0.010156 0.009375 0.020313 0.018750
0 0.010156 0.027344 0.020313 0.054688
0 0.010156 0.025781 0.020313 0.050781
0 0.009375 0.025000 0.018750 0.049219
0 0.010156 0.026562 0.020313 0.053125
0 0.007812 0.028906 0.015625 0.057813
0 0.009375 0.031250 0.018750 0.062500
0 0.008594 0.029687 0.016406 0.058594
0 0.006250 0.022656 0.012500 0.045312
0 0.006250 0.028125 0.012500 0.056250
0 0.006250 0.026562 0.012500 0.053125
0 0.008594 0.026562 0.017188 0.053125
0 0.007031 0.026562 0.014063 0.053125
0 0.017188 0.021875 0.033594 0.043750
0 0.008594 0.028125 0.017188 0.056250
0 0.010937 0.022656 0.021875 0.045312
0 0.009375 0.021875 0.017969 0.043750
0 0.013281 0.032813 0.026562 0.065625
0 0.014844 0.020313 0.029687 0.039844
0 0.014844 0.020313 0.029687 0.040625
0 0.008594 0.021094 0.016406 0.042188
0 0.014844 0.028906 0.029687 0.057813
0 0.007031 0.023438 0.013281 0.046875
0 0.010156 0.028125 0.020313 0.056250
0 0.010156 0.023438 0.019531 0.046875
0 0.014063 0.033594 0.028125 0.067187
0 0.008594 0.023438 0.017188 0.046875
0 0.010156 0.025000 0.020313 0.050000
0 0.007812 0.025000 0.014844 0.050000
0 0.007031 0.022656 0.013281 0.045312
0 0.015625 0.021875 0.031250 0.042969
0 0.016406 0.021875 0.032813 0.043750
0 0.016406 0.022656 0.032813 0.044531
0 0.017188 0.022656 0.034375 0.045312
0 0.016406 0.022656 0.032813 0.045312
0 0.011719 0.024219 0.022656 0.048438
0 0.010937 0.034375 0.021875 0.067969
0 0.011719 0.033594 0.023438 0.067187
0 0.013281 0.034375 0.026562 0.067969
0 0.007031 0.027344 0.014063 0.054688
0 0.008594 0.027344 0.017188 0.054688
0 0.007812 0.028125 0.015625 0.056250
0 0.009375 0.016406 0.018750 0.032813
0 0.011719 0.019531 0.022656 0.038281
0 0.009375 0.017188 0.018750 0.034375
0 0.019531 0.017969 0.039062 0.035156
0 0.007031 0.017969 0.014063 0.035937
0 0.009375 0.027344 0.018750 0.054688
0 0.014063 0.013281 0.028125 0.025781
0 0.010156 0.016406 0.020313 0.032813
0 0.015625 0.017188 0.030469 0.034375
0 0.014844 0.017969 0.029687 0.035937
0 0.008594 0.021094 0.017188 0.042188
0 0.010156 0.021094 0.019531 0.042188
0 0.005469 0.019531 0.010937 0.039062
0 0.006250 0.017969 0.011719 0.035937
0 0.004687 0.017188 0.009375 0.033594
0 0.006250 0.021875 0.012500 0.042969
0 0.006250 0.027344 0.011719 0.054688
0 0.006250 0.024219 0.012500 0.048438
0 0.004687 0.027344 0.009375 0.054688
0 0.003906 0.023438 0.007812 0.046875
0 0.007812 0.027344 0.015625 0.054688
0 0.007031 0.027344 0.013281 0.053906
0 0.007031 0.025781 0.014063 0.051562
0 0.006250 0.025781 0.012500 0.051562
0 0.005469 0.026562 0.010937 0.053125
0 0.015625 0.017969 0.031250 0.035937
0 0.006250 0.021875 0.012500 0.043750
0 0.010156 0.021875 0.019531 0.043750
0 0.011719 0.028906 0.022656 0.057813
0 0.009375 0.018750 0.018750 0.037500
0 0.007031 0.025781 0.014063 0.050781
