0 0.011719 0.017969 0.022656 0.035937
0 0.010937 0.018750 0.021875 0.037500
0 0.012500 0.017188 0.025000 0.034375
0 0.010156 0.021875 0.020313 0.043750
0 0.009375 0.014063 0.018750 0.028125
0 0.007031 0.017969 0.014063 0.035937
0 0.007812 0.013281 0.015625 0.026562
0 0.007031 0.015625 0.014063 0.031250
0 0.007031 0.014063 0.014063 0.028125
0 0.006250 0.015625 0.011719 0.031250
0 0.007812 0.044531 0.014844 0.089063
0 0.004687 0.015625 0.009375 0.031250
0 0.005469 0.012500 0.010937 0.025000
0 0.008594 0.014063 0.016406 0.028125
0 0.007812 0.016406 0.015625 0.032813
0 0.008594 0.014063 0.017188 0.027344
0 0.007031 0.016406 0.014063 0.032813
0 0.008594 0.016406 0.016406 0.032813
0 0.007812 0.016406 0.014844 0.032813
0 0.004687 0.014844 0.009375 0.029687
0 0.004687 0.012500 0.009375 0.025000
0 0.006250 0.017188 0.011719 0.034375
0 0.006250 0.014063 0.012500 0.028125
0 0.008594 0.014063 0.017188 0.028125
0 0.005469 0.020313 0.010156 0.039844
0 0.006250 0.026562 0.012500 0.053125
0 0.004687 0.025781 0.009375 0.051562
0 0.005469 0.026562 0.010156 0.053125
0 0.005469 0.026562 0.010937 0.052344
0 0.005469 0.026562 0.010937 0.053125
0 0.007031 0.020313 0.014063 0.040625
0 0.004687 0.025000 0.009375 0.050000
0 0.004687 0.023438 0.009375 0.046875
0 0.007812 0.017188 0.015625 0.034375
0 0.003906 0.023438 0.007812 0.046094
0 0.003906 0.026562 0.007812 0.053125
0 0.003125 0.026562 0.006250 0.053125
0 0.003906 0.024219 0.007031 0.048438
0 0.004687 0.026562 0.009375 0.053125
0 0.001563 0.025781 0.003125 0.051562
0 0.003906 0.025781 0.007031 0.050781
0 0.031250 0.017969 0.062500 0.035156
0 0.003906 0.022656 0.007031 0.045312
0 0.007812 0.010937 0.015625 0.021094
0 0.005469 0.011719 0.010937 0.023438
0 0.008594 0.057031 0.017188 0.113281
0 0.007812 0.015625 0.014844 0.031250
0 0.008594 0.015625 0.017188 0.031250
0 0.010156 0.017969 0.020313 0.035156
0 0.007812 0.017969 0.015625 0.035156
0 0.006250 0.014844 0.012500 0.029687
0 0.009375 0.019531 0.018750 0.039062
0 0.009375 0.017188 0.018750 0.034375
0 0.009375 0.020313 0.018750 0.040625
0 0.010156 0.017969 0.019531 0.035937
0 0.013281 0.017969 0.025781 0.035937
0 0.014844 0.024219 0.029687 0.048438
0 0.007031 0.030469 0.014063 0.060937
0 0.006250 0.031250 0.012500 0.062500
0 0.008594 0.033594 0.016406 0.066406
0 0.007031 0.032031 0.014063 0.063281
0 0.003906 0.020313 0.007812 0.040625
0 0.006250 0.043750 0.012500 0.087500
0 0.007812 0.038281 0.014844 0.076563
0 0.008594 0.017969 0.016406 0.035937
0 0.009375 0.015625 0.018750 0.031250
0 0.008594 0.014844 0.017188 0.029687
0 0.008594 0.045312 0.017188 0.090625
0 0.006250 0.021875 0.011719 0.042969
0 0.006250 0.018750 0.012500 0.037500
0 0.003906 0.027344 0.007031 0.053906
0 0.004687 0.010937 0.009375 0.021875
0 0.005469 0.014844 0.010156 0.029687
0 0.008594 0.041406 0.017188 0.082031
0 0.006250 0.013281 0.012500 0.026562
0 0.007031 0.013281 0.014063 0.026562
0 0.008594 0.014844 0.016406 0.028906
0 0.010156 0.016406 0.020313 0.032813
0 0.009375 0.016406 0.018750 0.032813
0 0.005469 0.015625 0.010937 0.031250
0 0.007031 0.012500 0.013281 0.025000
0 0.007812 0.014063 0.015625 0.028125
0 0.009375 0.046094 0.018750 0.092188
0 0.005469 0.021094 0.010156 0.042188
0 0.003906 0.010156 0.007031 0.020313
0 0.003906 0.010937 0.007812 0.021875
0 0.003125 0.009375 0.006250 0.018750
0 0.003125 0.010937 0.006250 0.021094
0 0.003906 0.007812 0.007812 0.015625
0 0.003906 0.013281 0.007812 0.026562
0 0.005469 0.010937 0.010937 0.021875
0 0.002344 0.010156 0.004687 0.020313
0 0.003906 0.008594 0.007812 0.017188
0 0.003125 0.013281 0.006250 0.026562
0 0.004687 0.010156 0.009375 0.020313
0 0.003906 0.014844 0.007812 0.029687
0 0.003906 0.012500 0.007031 0.024219
0 0.004687 0.010156 0.009375 0.019531
0 0.005469 0.010937 0.010156 0.021094
0 0.003125 0.012500 0.006250 0.025000
0 0.005469 0.014844 0.010937 0.028906
0 0.006250 0.010937 0.011719 0.021875
0 0.003125 0.007812 0.006250 0.015625
0 0.002344 0.012500 0.004687 0.025000
0 0.006250 0.010937 0.012500 0.021875
