0 0.006250 0.028906 0.012500 0.057813
0 0.004687 0.027344 0.009375 0.054688
0 0.005469 0.025781 0.010937 0.051562
0 0.009375 0.031250 0.018750 0.062500
0 0.007812 0.008594 0.015625 0.017188
0 0.009375 0.008594 0.017969 0.017188
0 0.008594 0.009375 0.016406 0.017969
0 0.008594 0.010937 0.017188 0.021875
0 0.009375 0.006250 0.018750 0.012500
0 0.007031 0.009375 0.014063 0.018750
0 0.007031 0.015625 0.014063 0.031250
0 0.007812 0.010156 0.015625 0.019531
0 0.004687 0.026562 0.009375 0.052344
0 0.010156 0.007812 0.019531 0.015625
0 0.007812 0.028906 0.015625 0.057813
0 0.007031 0.028125 0.013281 0.055469
0 0.007031 0.017188 0.014063 0.034375
0 0.008594 0.005469 0.017188 0.010937
0 0.006250 0.006250 0.011719 0.012500
0 0.006250 0.007812 0.011719 0.015625
0 0.010156 0.012500 0.020313 0.025000
0 0.021875 0.010937 0.043750 0.021094
0 0.006250 0.025000 0.012500 0.050000
0 0.004687 0.031250 0.009375 0.062500
0 0.007031 0.028125 0.014063 0.056250
0 0.003906 0.020313 0.007812 0.040625
0 0.004687 0.029687 0.009375 0.059375
0 0.008594 0.041406 0.017188 0.082812
0 0.014063 0.016406 0.028125 0.032813
0 0.009375 0.016406 0.018750 0.032031
0 0.006250 0.015625 0.012500 0.031250
0 0.009375 0.016406 0.018750 0.032813
0 0.011719 0.016406 0.023438 0.032813
0 0.010156 0.014063 0.020313 0.028125
0 0.009375 0.013281 0.018750 0.026562
0 0.011719 0.014844 0.022656 0.029687
0 0.010937 0.014844 0.021875 0.028906
0 0.010937 0.014844 0.021875 0.029687
0 0.006250 0.036719 0.012500 0.073438
0 0.006250 0.026562 0.012500 0.052344
0 0.005469 0.019531 0.010937 0.039062
0 0.011719 0.008594 0.023438 0.017188
0 0.006250 0.028125 0.012500 0.056250
0 0.007812 0.025000 0.015625 0.050000
0 0.009375 0.028125 0.017969 0.056250
0 0.008594 0.027344 0.016406 0.054688
0 0.007812 0.029687 0.015625 0.059375
0 0.010937 0.046875 0.021875 0.092969
0 0.010156 0.039062 0.020313 0.078125
0 0.011719 0.030469 0.023438 0.060937
0 0.006250 0.037500 0.012500 0.075000
0 0.007031 0.037500 0.013281 0.074219
0 0.007812 0.045312 0.015625 0.090625
0 0.008594 0.042969 0.017188 0.085938
0 0.008594 0.029687 0.016406 0.059375
0 0.005469 0.030469 0.010937 0.060937
0 0.006250 0.028906 0.012500 0.057031
0 0.003906 0.021094 0.007812 0.042188
0 0.006250 0.027344 0.012500 0.053906
0 0.005469 0.021094 0.010937 0.042188
0 0.018750 0.033594 0.037500 0.066406
0 0.010156 0.035937 0.020313 0.071875
0 0.009375 0.037500 0.018750 0.075000
0 0.009375 0.042969 0.018750 0.085938
0 0.010937 0.039062 0.021875 0.078125
0 0.009375 0.037500 0.017969 0.075000
0 0.008594 0.032031 0.017188 0.064062
0 0.011719 0.036719 0.023438 0.073438
0 0.010156 0.037500 0.019531 0.074219
0 0.009375 0.030469 0.018750 0.060156
0 0.005469 0.027344 0.010937 0.054688
0 0.003906 0.025000 0.007031 0.050000
0 0.008594 0.036719 0.017188 0.073438
0 0.009375 0.027344 0.017969 0.054688
0 0.014063 0.010937 0.028125 0.021875
0 0.012500 0.013281 0.025000 0.026562
0 0.011719 0.053906 0.023438 0.107813
0 0.010937 0.033594 0.021875 0.066406
0 0.009375 0.047656 0.017969 0.095312
0 0.007031 0.048438 0.014063 0.096875
0 0.008594 0.048438 0.017188 0.096875
0 0.016406 0.040625 0.032031 0.081250
0 0.010937 0.050000 0.021875 0.100000
0 0.010937 0.052344 0.021875 0.104688
0 0.012500 0.031250 0.025000 0.062500
0 0.011719 0.015625 0.023438 0.031250
0 0.007031 0.026562 0.014063 0.052344
0 0.004687 0.020313 0.009375 0.040625
0 0.017188 0.033594 0.034375 0.066406
0 0.004687 0.024219 0.009375 0.048438
0 0.004687 0.022656 0.009375 0.045312
0 0.005469 0.021875 0.010156 0.043750
0 0.007812 0.023438 0.015625 0.046875
0 0.004687 0.021094 0.009375 0.042188
0 0.007031 0.021875 0.013281 0.042969
0 0.005469 0.022656 0.010937 0.045312
0 0.006250 0.021875 0.012500 0.042969
0 0.006250 0.023438 0.011719 0.046094
0 0.006250 0.023438 0.012500 0.046875
0 0.004687 0.023438 0.009375 0.046875
0 0.003906 0.022656 0.007812 0.045312
0 0.005469 0.024219 0.010937 0.048438
0 0.022656 0.050781 0.045312 0.101562
0 0.004687 0.028906 0.009375 0.057813
0 0.003906 0.026562 0.007812 0.053125
0 0.004687 0.025000 0.009375 0.050000
0 0.011719 0.030469 0.022656 0.060156
0 0.005469 0.026562 0.010937 0.053125
0 0.005469 0.028906 0.010156 0.057031
0 0.004687 0.026562 0.009375 0.053125
0 0.003906 0.021875 0.007812 0.042969
0 0.003906 0.021875 0.007031 0.043750
0 0.032813 0.013281 0.065625 0.026562
