0 0.016406 0.019531 0.032813 0.039062
0 0.010156 0.015625 0.020313 0.031250
0 0.015625 0.019531 0.031250 0.038281
0 0.014063 0.017969 0.028125 0.035156
0 0.010937 0.018750 0.021875 0.036719
0 0.012500 0.017969 0.025000 0.035937
0 0.021875 0.009375 0.043750 0.018750
0 0.016406 0.018750 0.032813 0.037500
0 0.012500 0.018750 0.025000 0.037500
0 0.013281 0.017969 0.026562 0.035156
0 0.015625 0.020313 0.031250 0.040625
0 0.014844 0.018750 0.029687 0.037500
0 0.012500 0.021875 0.025000 0.042969
0 0.014844 0.020313 0.029687 0.040625
0 0.016406 0.019531 0.032813 0.038281
0 0.021875 0.010156 0.042969 0.019531
0 0.019531 0.019531 0.039062 0.039062
0 0.020313 0.009375 0.040625 0.018750
0 0.006250 0.012500 0.012500 0.025000
0 0.007031 0.013281 0.014063 0.025781
0 0.008594 0.020313 0.017188 0.040625
0 0.007812 0.019531 0.015625 0.039062
0 0.006250 0.013281 0.012500 0.026562
0 0.018750 0.017188 0.037500 0.034375
0 0.022656 0.007031 0.045312 0.014063
0 0.023438 0.010937 0.046875 0.021875
0 0.011719 0.017188 0.023438 0.034375
0 0.014844 0.016406 0.029687 0.032813
0 0.013281 0.017969 0.026562 0.035937
0 0.015625 0.016406 0.031250 0.032813
0 0.013281 0.014844 0.026562 0.029687
0 0.007812 0.015625 0.015625 0.030469
0 0.016406 0.014844 0.032813 0.029687
0 0.021875 0.010937 0.043750 0.021094
0 0.025000 0.006250 0.050000 0.011719
0 0.023438 0.010156 0.046094 0.019531
0 0.009375 0.020313 0.017969 0.039844
0 0.024219 0.009375 0.048438 0.018750
0 0.021875 0.005469 0.043750 0.010937
0 0.022656 0.009375 0.045312 0.018750
0 0.022656 0.007812 0.045312 0.014844
0 0.012500 0.015625 0.025000 0.031250
0 0.020313 0.020313 0.040625 0.040625
0 0.021875 0.021094 0.042969 0.042188
0 0.016406 0.014063 0.032813 0.027344
0 0.010937 0.017188 0.021875 0.033594
0 0.023438 0.008594 0.046875 0.016406
0 0.023438 0.020313 0.046875 0.040625
0 0.022656 0.006250 0.045312 0.012500
0 0.021875 0.006250 0.042969 0.012500
0 0.020313 0.007812 0.040625 0.014844
0 0.021875 0.007812 0.043750 0.015625
0 0.015625 0.013281 0.031250 0.026562
0 0.015625 0.014063 0.031250 0.027344
0 0.015625 0.014844 0.031250 0.029687
0 0.015625 0.014844 0.031250 0.028906
0 0.017188 0.020313 0.034375 0.039844
0 0.017969 0.020313 0.035937 0.039844
0 0.016406 0.021094 0.032813 0.042188
0 0.014844 0.021875 0.029687 0.042969
0 0.021875 0.017969 0.042969 0.035937
0 0.021094 0.009375 0.042188 0.018750
0 0.020313 0.007812 0.040625 0.015625
0 0.020313 0.010937 0.040625 0.021875
0 0.010937 0.015625 0.021875 0.031250
0 0.012500 0.014063 0.025000 0.028125
0 0.018750 0.017969 0.037500 0.035156
0 0.017188 0.017969 0.034375 0.035937
0 0.011719 0.017188 0.023438 0.033594
0 0.009375 0.014844 0.018750 0.029687
0 0.011719 0.015625 0.023438 0.030469
0 0.012500 0.017188 0.025000 0.034375
0 0.021875 0.019531 0.043750 0.039062
0 0.014063 0.018750 0.027344 0.037500
0 0.012500 0.017969 0.025000 0.035156
0 0.014063 0.016406 0.028125 0.032031
0 0.019531 0.007812 0.039062 0.014844
0 0.015625 0.018750 0.031250 0.037500
0 0.020313 0.008594 0.040625 0.017188
0 0.021875 0.006250 0.043750 0.011719
0 0.021094 0.005469 0.042188 0.010937
0 0.021875 0.007812 0.042969 0.014844
0 0.011719 0.015625 0.023438 0.031250
0 0.012500 0.017188 0.025000 0.033594
0 0.021094 0.008594 0.042188 0.016406
0 0.009375 0.017188 0.018750 0.034375
0 0.009375 0.015625 0.017969 0.031250
0 0.011719 0.012500 0.023438 0.024219
0 0.009375 0.012500 0.018750 0.025000
0 0.008594 0.010937 0.017188 0.021094
0 0.011719 0.017969 0.023438 0.035156
0 0.008594 0.012500 0.017188 0.025000
0 0.021094 0.007812 0.042188 0.015625
0 0.007031 0.011719 0.014063 0.023438
