0 0.010156 0.003906 0.020313 0.007812
0 0.014063 0.040625 0.028125 0.081250
0 0.019531 0.045312 0.039062 0.090625
0 0.010937 0.010156 0.021875 0.020313
0 0.008594 0.040625 0.017188 0.080469
0 0.010156 0.006250 0.020313 0.012500
0 0.007031 0.004687 0.014063 0.009375
0 0.010156 0.004687 0.020313 0.009375
0 0.010156 0.005469 0.020313 0.010937
0 0.009375 0.007031 0.018750 0.014063
0 0.006250 0.008594 0.011719 0.017188
0 0.007812 0.010937 0.015625 0.021875
0 0.007812 0.009375 0.015625 0.018750
0 0.008594 0.011719 0.017188 0.023438
0 0.007031 0.018750 0.014063 0.037500
0 0.008594 0.005469 0.016406 0.010937
0 0.007812 0.018750 0.015625 0.037500
0 0.006250 0.005469 0.011719 0.010937
0 0.009375 0.008594 0.018750 0.017188
0 0.010937 0.007031 0.021875 0.014063
0 0.012500 0.008594 0.024219 0.017188
0 0.010937 0.006250 0.021094 0.012500
0 0.011719 0.007031 0.023438 0.014063
0 0.012500 0.005469 0.025000 0.010156
0 0.014063 0.008594 0.028125 0.017188
0 0.003125 0.038281 0.006250 0.075781
0 0.009375 0.039062 0.018750 0.078125
0 0.004687 0.038281 0.009375 0.076563
0 0.012500 0.039844 0.025000 0.079687
0 0.010156 0.041406 0.020313 0.082812
0 0.010937 0.037500 0.021094 0.074219
0 0.010156 0.039062 0.019531 0.078125
0 0.010156 0.035937 0.020313 0.071875
0 0.009375 0.043750 0.018750 0.086719
0 0.010937 0.037500 0.021875 0.075000
0 0.007031 0.035156 0.014063 0.070312
0 0.015625 0.011719 0.031250 0.023438
0 0.015625 0.026562 0.031250 0.053125
0 0.008594 0.025000 0.016406 0.050000
0 0.007812 0.025000 0.015625 0.050000
0 0.008594 0.039844 0.016406 0.079687
0 0.007031 0.025781 0.014063 0.051562
0 0.006250 0.024219 0.012500 0.048438
0 0.005469 0.017969 0.010937 0.035937
0 0.007812 0.023438 0.015625 0.046875
0 0.007812 0.037500 0.015625 0.075000
0 0.008594 0.036719 0.017188 0.073438
0 0.008594 0.038281 0.016406 0.076563
0 0.018750 0.036719 0.037500 0.073438
0 0.010937 0.021875 0.021875 0.042969
0 0.010156 0.022656 0.019531 0.045312
0 0.008594 0.014063 0.017188 0.028125
0 0.008594 0.017969 0.017188 0.035156
0 0.008594 0.017188 0.017188 0.034375
0 0.006250 0.021875 0.012500 0.043750
0 0.007031 0.024219 0.014063 0.048438
0 0.021094 0.035156 0.041406 0.069531
0 0.007812 0.007812 0.015625 0.015625
0 0.020313 0.022656 0.040625 0.044531
0 0.007031 0.010937 0.014063 0.021875
0 0.007812 0.013281 0.015625 0.025781
0 0.007031 0.010156 0.014063 0.020313
0 0.006250 0.011719 0.012500 0.023438
0 0.007031 0.007812 0.014063 0.015625
0 0.008594 0.017969 0.016406 0.035156
0 0.009375 0.012500 0.017969 0.025000
0 0.009375 0.017969 0.018750 0.035937
0 0.005469 0.016406 0.010937 0.032813
0 0.010156 0.021875 0.020313 0.043750
0 0.009375 0.019531 0.018750 0.039062
0 0.007812 0.017969 0.015625 0.035937
0 0.010156 0.010937 0.020313 0.021875
0 0.009375 0.017188 0.018750 0.034375
0 0.009375 0.011719 0.018750 0.023438
0 0.010937 0.011719 0.021875 0.023438
0 0.007031 0.015625 0.014063 0.031250
0 0.010156 0.016406 0.019531 0.032813
0 0.007031 0.004687 0.014063 0.008594
0 0.008594 0.015625 0.017188 0.030469
0 0.009375 0.017188 0.017969 0.034375
0 0.007031 0.017969 0.014063 0.035937
0 0.010156 0.011719 0.019531 0.023438
0 0.010156 0.009375 0.020313 0.018750
0 0.010937 0.005469 0.021875 0.010937
0 0.011719 0.004687 0.023438 0.009375
0 0.011719 0.003906 0.022656 0.007031
0 0.007031 0.003906 0.014063 0.007812
0 0.006250 0.009375 0.012500 0.018750
0 0.007812 0.012500 0.015625 0.025000
0 0.008594 0.015625 0.017188 0.031250
0 0.009375 0.016406 0.017969 0.032813
0 0.007812 0.007812 0.014844 0.014844
0 0.010937 0.007031 0.021875 0.013281
0 0.010937 0.006250 0.021875 0.012500
0 0.011719 0.025781 0.023438 0.051562
0 0.010937 0.026562 0.021875 0.053125
0 0.011719 0.028125 0.023438 0.056250
0 0.010937 0.008594 0.021875 0.017188
0 0.015625 0.014063 0.031250 0.028125
0 0.010937 0.028906 0.021875 0.057813
0 0.018750 0.021875 0.037500 0.043750
0 0.017969 0.024219 0.035937 0.048438
0 0.018750 0.021094 0.037500 0.042188
0 0.020313 0.024219 0.040625 0.048438
0 0.017969 0.017188 0.035937 0.034375
0 0.010937 0.003906 0.021875 0.007812
0 0.017969 0.012500 0.035156 0.025000
0 0.010156 0.024219 0.020313 0.048438
0 0.009375 0.014844 0.018750 0.029687
0 0.010156 0.013281 0.020313 0.026562
0 0.007812 0.017188 0.015625 0.034375
0 0.007031 0.018750 0.013281 0.037500
0 0.006250 0.022656 0.012500 0.044531
0 0.009375 0.005469 0.018750 0.010937
0 0.009375 0.013281 0.018750 0.026562
0 0.010156 0.027344 0.020313 0.053906
0 0.005469 0.010156 0.010937 0.019531
0 0.011719 0.008594 0.023438 0.017188
0 0.008594 0.003906 0.016406 0.007812
0 0.011719 0.023438 0.023438 0.046875
0 0.010937 0.026562 0.021094 0.052344
0 0.010156 0.017969 0.020313 0.035937
