0 0.010156 0.023438 0.020313 0.046875
0 0.011719 0.024219 0.023438 0.048438
0 0.010937 0.022656 0.021094 0.045312
0 0.010937 0.021875 0.021094 0.043750
0 0.010937 0.006250 0.021875 0.012500
0 0.011719 0.022656 0.023438 0.045312
0 0.010937 0.021875 0.021875 0.043750
0 0.010937 0.023438 0.021875 0.046094
0 0.011719 0.021875 0.023438 0.043750
0 0.010937 0.022656 0.021875 0.045312
0 0.012500 0.024219 0.024219 0.047656
0 0.009375 0.022656 0.017969 0.045312
0 0.016406 0.017188 0.032031 0.034375
0 0.015625 0.015625 0.031250 0.031250
0 0.017188 0.018750 0.034375 0.037500
0 0.012500 0.024219 0.025000 0.048438
0 0.017188 0.016406 0.034375 0.032813
0 0.010156 0.016406 0.020313 0.032813
0 0.009375 0.019531 0.018750 0.039062
0 0.007812 0.033594 0.015625 0.067187
0 0.008594 0.034375 0.017188 0.068750
0 0.010937 0.034375 0.021875 0.067969
0 0.007812 0.032813 0.015625 0.065625
0 0.010156 0.033594 0.019531 0.066406
0 0.008594 0.034375 0.017188 0.067969
0 0.011719 0.020313 0.023438 0.040625
0 0.010156 0.018750 0.019531 0.037500
0 0.009375 0.019531 0.018750 0.038281
0 0.010156 0.021094 0.020313 0.042188
0 0.008594 0.021875 0.017188 0.042969
0 0.009375 0.020313 0.018750 0.040625
0 0.010156 0.019531 0.019531 0.038281
0 0.010156 0.018750 0.020313 0.037500
0 0.010156 0.019531 0.020313 0.039062
0 0.017188 0.017969 0.034375 0.035937
0 0.007031 0.021094 0.014063 0.042188
0 0.008594 0.021875 0.017188 0.043750
0 0.007031 0.020313 0.014063 0.040625
0 0.009375 0.017188 0.018750 0.034375
0 0.007812 0.015625 0.015625 0.030469
0 0.007812 0.013281 0.015625 0.026562
0 0.006250 0.012500 0.012500 0.025000
0 0.007031 0.012500 0.014063 0.025000
0 0.008594 0.012500 0.017188 0.025000
0 0.008594 0.013281 0.017188 0.026562
0 0.007031 0.014063 0.014063 0.028125
0 0.007031 0.013281 0.014063 0.026562
0 0.007812 0.014063 0.015625 0.028125
0 0.007812 0.019531 0.015625 0.038281
0 0.007812 0.021094 0.015625 0.042188
0 0.007812 0.016406 0.015625 0.032813
0 0.006250 0.019531 0.012500 0.038281
0 0.006250 0.017969 0.012500 0.035937
0 0.006250 0.016406 0.012500 0.032813
0 0.007812 0.012500 0.014844 0.024219
0 0.007031 0.014844 0.014063 0.029687
0 0.006250 0.014063 0.012500 0.028125
0 0.006250 0.017188 0.011719 0.034375
0 0.010156 0.033594 0.020313 0.067187
0 0.007812 0.014844 0.014844 0.028906
0 0.007812 0.014063 0.014844 0.028125
0 0.007812 0.016406 0.015625 0.032031
0 0.006250 0.014844 0.011719 0.028906
0 0.008594 0.015625 0.017188 0.031250
0 0.006250 0.017188 0.012500 0.034375
0 0.007812 0.017188 0.015625 0.034375
0 0.007031 0.017969 0.014063 0.035156
0 0.010156 0.033594 0.020313 0.066406
0 0.010937 0.033594 0.021875 0.067187
0 0.011719 0.023438 0.023438 0.046875
0 0.010156 0.022656 0.019531 0.045312
0 0.012500 0.021094 0.025000 0.042188
0 0.009375 0.021094 0.018750 0.042188
0 0.010937 0.016406 0.021875 0.032031
0 0.010937 0.016406 0.021875 0.032813
0 0.010937 0.021094 0.021875 0.042188
0 0.008594 0.039062 0.016406 0.078125
0 0.006250 0.014063 0.011719 0.028125
0 0.007031 0.015625 0.013281 0.031250
0 0.006250 0.014844 0.012500 0.029687
0 0.006250 0.015625 0.012500 0.031250
0 0.013281 0.021875 0.026562 0.042969
0 0.011719 0.021094 0.023438 0.042188
0 0.009375 0.038281 0.018750 0.076563
0 0.011719 0.035156 0.023438 0.070312
0 0.008594 0.035156 0.017188 0.070312
0 0.010937 0.037500 0.021875 0.075000
0 0.008594 0.036719 0.017188 0.073438
0 0.010156 0.030469 0.020313 0.060937
0 0.011719 0.035937 0.023438 0.071875
0 0.009375 0.037500 0.017969 0.074219
0 0.012500 0.035937 0.025000 0.071875
0 0.018750 0.015625 0.037500 0.031250
0 0.017188 0.014844 0.034375 0.029687
0 0.018750 0.015625 0.036719 0.031250
0 0.016406 0.014063 0.032813 0.028125
0 0.009375 0.021875 0.018750 0.043750
0 0.012500 0.019531 0.025000 0.039062
0 0.009375 0.032813 0.018750 0.065625
0 0.016406 0.017188 0.032813 0.034375
0 0.010156 0.017188 0.020313 0.033594
0 0.010156 0.017188 0.020313 0.034375
0 0.010937 0.017969 0.021875 0.035937
0 0.010156 0.017188 0.019531 0.034375
0 0.010156 0.017969 0.020313 0.035937
0 0.010937 0.017969 0.021875 0.035156
0 0.010937 0.014844 0.021875 0.029687
0 0.008594 0.016406 0.017188 0.032813
0 0.010156 0.014844 0.020313 0.029687
0 0.007812 0.012500 0.015625 0.025000
0 0.009375 0.032031 0.018750 0.064062
0 0.010937 0.032813 0.021875 0.065625
0 0.009375 0.035937 0.018750 0.071094
0 0.009375 0.033594 0.018750 0.067187
0 0.010156 0.034375 0.020313 0.068750
0 0.010156 0.035156 0.019531 0.070312
0 0.012500 0.018750 0.025000 0.036719
0 0.008594 0.032031 0.017188 0.064062
0 0.010156 0.032813 0.019531 0.065625
0 0.010937 0.031250 0.021875 0.062500
0 0.009375 0.032031 0.017969 0.064062
0 0.007812 0.017969 0.015625 0.035156
0 0.008594 0.021094 0.017188 0.042188
