0 0.004687 0.019531 0.009375 0.039062
0 0.003125 0.017188 0.006250 0.034375
0 0.005469 0.019531 0.010156 0.039062
0 0.004687 0.018750 0.009375 0.037500
0 0.003906 0.017969 0.007812 0.035937
0 0.004687 0.017188 0.009375 0.034375
0 0.006250 0.021094 0.011719 0.042188
0 0.006250 0.021875 0.011719 0.043750
0 0.005469 0.022656 0.010937 0.045312
0 0.005469 0.015625 0.010937 0.031250
0 0.006250 0.022656 0.012500 0.045312
0 0.006250 0.021094 0.012500 0.042188
0 0.006250 0.020313 0.012500 0.040625
0 0.007031 0.020313 0.014063 0.040625
0 0.008594 0.025000 0.017188 0.050000
0 0.009375 0.025000 0.018750 0.050000
0 0.007812 0.025781 0.015625 0.051562
0 0.013281 0.026562 0.026562 0.053125
0 0.009375 0.026562 0.018750 0.053125
0 0.007031 0.021094 0.014063 0.042188
0 0.007031 0.012500 0.013281 0.025000
0 0.009375 0.016406 0.017969 0.032813
0 0.008594 0.016406 0.017188 0.032813
0 0.007812 0.013281 0.015625 0.026562
0 0.010156 0.015625 0.019531 0.031250
0 0.010937 0.017969 0.021875 0.035937
0 0.013281 0.017188 0.026562 0.034375
0 0.014063 0.019531 0.027344 0.039062
0 0.014844 0.020313 0.028906 0.040625
0 0.015625 0.030469 0.030469 0.060937
0 0.016406 0.032031 0.032031 0.064062
0 0.014063 0.019531 0.028125 0.039062
0 0.014844 0.017969 0.029687 0.035937
0 0.014844 0.017188 0.029687 0.034375
0 0.013281 0.017969 0.025781 0.035937
0 0.005469 0.014844 0.010156 0.029687
0 0.006250 0.015625 0.012500 0.031250
0 0.011719 0.021875 0.023438 0.043750
0 0.010156 0.015625 0.020313 0.031250
0 0.004687 0.021875 0.009375 0.043750
0 0.003125 0.009375 0.006250 0.018750
0 0.004687 0.017188 0.008594 0.034375
0 0.006250 0.017188 0.012500 0.034375
0 0.003906 0.016406 0.007812 0.032813
0 0.003906 0.015625 0.007812 0.030469
0 0.003906 0.014063 0.007812 0.028125
0 0.003906 0.015625 0.007812 0.031250
0 0.003906 0.019531 0.007812 0.039062
0 0.005469 0.017969 0.010937 0.035937
0 0.004687 0.017969 0.008594 0.035937
0 0.004687 0.017969 0.009375 0.035937
0 0.006250 0.018750 0.011719 0.037500
0 0.004687 0.021094 0.009375 0.042188
0 0.005469 0.021094 0.010937 0.042188
0 0.006250 0.019531 0.012500 0.039062
0 0.007812 0.018750 0.015625 0.037500
0 0.007812 0.020313 0.014844 0.040625
0 0.003906 0.015625 0.007031 0.031250
0 0.007812 0.014844 0.015625 0.029687
0 0.004687 0.015625 0.009375 0.031250
0 0.003906 0.003906 0.007031 0.007812
0 0.004687 0.019531 0.008594 0.039062
0 0.003906 0.019531 0.007031 0.039062
0 0.005469 0.017188 0.010156 0.034375
0 0.005469 0.020313 0.010937 0.040625
0 0.006250 0.018750 0.012500 0.037500
0 0.006250 0.017969 0.012500 0.035937
0 0.007812 0.021094 0.014844 0.042188
0 0.007031 0.023438 0.014063 0.046875
0 0.008594 0.021875 0.016406 0.043750
0 0.007031 0.025000 0.013281 0.050000
0 0.007812 0.023438 0.015625 0.046875
0 0.008594 0.024219 0.017188 0.048438
0 0.008594 0.023438 0.017188 0.046875
0 0.003125 0.007031 0.006250 0.014063
0 0.004687 0.013281 0.008594 0.026562
0 0.008594 0.014063 0.016406 0.028125
0 0.005469 0.008594 0.010937 0.017188
0 0.009375 0.018750 0.018750 0.037500
0 0.007031 0.018750 0.014063 0.037500
0 0.007812 0.017969 0.014844 0.035937
0 0.008594 0.019531 0.017188 0.039062
0 0.007812 0.017188 0.015625 0.034375
0 0.007031 0.017188 0.014063 0.034375
0 0.003906 0.010156 0.007812 0.020313
0 0.005469 0.015625 0.010156 0.031250
0 0.003125 0.012500 0.006250 0.025000
0 0.003125 0.011719 0.005469 0.023438
0 0.004687 0.016406 0.009375 0.032813
0 0.006250 0.016406 0.011719 0.032813
0 0.005469 0.012500 0.010937 0.025000
0 0.003906 0.012500 0.007812 0.025000
0 0.003125 0.016406 0.005469 0.032813
0 0.002344 0.014844 0.004687 0.029687
0 0.003906 0.007812 0.007812 0.015625
0 0.003125 0.016406 0.006250 0.032813
0 0.003125 0.015625 0.006250 0.031250
0 0.003125 0.034375 0.006250 0.068750
0 0.006250 0.027344 0.012500 0.054688
0 0.007031 0.025781 0.014063 0.051562
0 0.004687 0.026562 0.009375 0.053125
0 0.006250 0.027344 0.011719 0.054688
0 0.005469 0.025781 0.010937 0.051562
0 0.005469 0.025000 0.010937 0.050000
0 0.005469 0.014063 0.010937 0.028125
0 0.006250 0.020313 0.012500 0.039844
0 0.007031 0.018750 0.013281 0.037500
0 0.007031 0.020313 0.013281 0.040625
0 0.008594 0.018750 0.016406 0.037500
0 0.005469 0.014844 0.010937 0.029687
0 0.004687 0.012500 0.008594 0.025000
0 0.005469 0.014063 0.010156 0.028125
0 0.007031 0.032813 0.014063 0.065625
0 0.008594 0.032813 0.017188 0.065625
