0 0.010156 0.010937 0.020313 0.021875
0 0.016406 0.012500 0.032813 0.025000
0 0.017188 0.018750 0.034375 0.036719
0 0.018750 0.017969 0.036719 0.035156
0 0.019531 0.011719 0.039062 0.023438
0 0.007812 0.010156 0.015625 0.020313
0 0.010156 0.011719 0.020313 0.022656
0 0.010937 0.014844 0.021875 0.029687
0 0.008594 0.010937 0.017188 0.021875
0 0.017188 0.014063 0.034375 0.027344
0 0.009375 0.014844 0.018750 0.029687
0 0.012500 0.011719 0.025000 0.022656
0 0.008594 0.010156 0.017188 0.020313
0 0.009375 0.015625 0.018750 0.031250
0 0.014063 0.008594 0.028125 0.017188
0 0.010937 0.011719 0.021875 0.022656
0 0.011719 0.012500 0.023438 0.025000
0 0.015625 0.009375 0.031250 0.018750
0 0.010156 0.011719 0.020313 0.023438
0 0.010937 0.010937 0.021875 0.021094
0 0.009375 0.010937 0.018750 0.021875
0 0.013281 0.007812 0.026562 0.015625
0 0.015625 0.010937 0.031250 0.021094
0 0.003906 0.013281 0.007812 0.026562
0 0.007812 0.013281 0.015625 0.026562
0 0.011719 0.014844 0.023438 0.028906
0 0.012500 0.013281 0.025000 0.025781
0 0.011719 0.013281 0.023438 0.026562
0 0.014063 0.013281 0.028125 0.026562
0 0.021094 0.015625 0.042188 0.031250
0 0.017188 0.011719 0.034375 0.022656
0 0.016406 0.014844 0.032813 0.029687
0 0.012500 0.014844 0.025000 0.028906
0 0.014844 0.014063 0.029687 0.028125
0 0.010937 0.010937 0.021875 0.021875
0 0.009375 0.011719 0.018750 0.023438
0 0.012500 0.010937 0.025000 0.021875
0 0.009375 0.010937 0.017969 0.021875
0 0.013281 0.005469 0.026562 0.010937
0 0.014844 0.007812 0.029687 0.015625
0 0.017969 0.009375 0.035937 0.018750
0 0.014844 0.010156 0.029687 0.019531
0 0.014844 0.011719 0.029687 0.023438
0 0.009375 0.010937 0.018750 0.021094
0 0.007031 0.010937 0.014063 0.021094
0 0.010937 0.013281 0.021875 0.025781
0 0.015625 0.016406 0.031250 0.032813
0 0.017188 0.016406 0.033594 0.032031
0 0.011719 0.011719 0.023438 0.022656
0 0.009375 0.014063 0.018750 0.027344
0 0.010937 0.014063 0.021875 0.027344
0 0.007812 0.010156 0.014844 0.020313
0 0.010156 0.014063 0.020313 0.028125
0 0.012500 0.015625 0.025000 0.031250
0 0.007812 0.014844 0.015625 0.028906
0 0.010937 0.014844 0.021875 0.028906
0 0.008594 0.009375 0.017188 0.018750
0 0.009375 0.013281 0.017969 0.025781
0 0.014063 0.017188 0.028125 0.034375
0 0.012500 0.017188 0.025000 0.033594
0 0.015625 0.014063 0.031250 0.028125
0 0.014063 0.013281 0.027344 0.026562
0 0.014844 0.014063 0.029687 0.027344
0 0.017188 0.019531 0.034375 0.038281
0 0.014844 0.014844 0.029687 0.029687
0 0.014844 0.017969 0.029687 0.035156
0 0.011719 0.017969 0.023438 0.035937
0 0.013281 0.018750 0.026562 0.037500
0 0.010937 0.017969 0.021875 0.035937
0 0.010937 0.018750 0.021875 0.036719
0 0.010937 0.017969 0.021875 0.035156
0 0.013281 0.017969 0.026562 0.035156
0 0.013281 0.017969 0.026562 0.035937
0 0.007812 0.016406 0.015625 0.032031
0 0.015625 0.017188 0.031250 0.034375
0 0.012500 0.017969 0.025000 0.035937
0 0.015625 0.013281 0.031250 0.026562
0 0.013281 0.013281 0.026562 0.026562
0 0.015625 0.012500 0.030469 0.024219
0 0.017188 0.017188 0.033594 0.033594
0 0.014844 0.016406 0.029687 0.032031
0 0.017188 0.013281 0.034375 0.025781
0 0.021875 0.016406 0.043750 0.032813
0 0.014063 0.014063 0.028125 0.028125
0 0.017188 0.016406 0.034375 0.032813
0 0.019531 0.015625 0.039062 0.031250
0 0.018750 0.015625 0.037500 0.031250
0 0.018750 0.016406 0.037500 0.032031
0 0.012500 0.017188 0.025000 0.034375
0 0.017188 0.013281 0.034375 0.026562
0 0.017188 0.015625 0.034375 0.030469
0 0.017969 0.014063 0.035937 0.027344
0 0.014063 0.015625 0.027344 0.030469
0 0.016406 0.015625 0.032813 0.030469
0 0.017188 0.021875 0.034375 0.043750
0 0.014844 0.021094 0.029687 0.042188
0 0.010937 0.015625 0.021875 0.030469
0 0.017969 0.016406 0.035937 0.032031
0 0.014063 0.012500 0.028125 0.025000
0 0.018750 0.012500 0.037500 0.024219
0 0.019531 0.013281 0.039062 0.026562
0 0.012500 0.018750 0.025000 0.036719
0 0.010937 0.016406 0.021875 0.032813
0 0.025781 0.033594 0.051562 0.067187
0 0.014063 0.018750 0.027344 0.036719
0 0.012500 0.019531 0.025000 0.039062
0 0.010937 0.015625 0.021875 0.031250
0 0.013281 0.015625 0.026562 0.031250
0 0.009375 0.012500 0.017969 0.024219
0 0.012500 0.019531 0.025000 0.038281
0 0.008594 0.012500 0.017188 0.025000
0 0.010937 0.018750 0.021875 0.037500
0 0.010937 0.012500 0.021875 0.025000
0 0.008594 0.014063 0.017188 0.027344
0 0.012500 0.014063 0.025000 0.028125
0 0.007812 0.012500 0.015625 0.025000
0 0.009375 0.012500 0.018750 0.025000
0 0.010937 0.013281 0.021094 0.026562
0 0.009375 0.016406 0.018750 0.032813
0 0.010937 0.016406 0.021875 0.032031
0 0.014063 0.018750 0.028125 0.037500
0 0.015625 0.018750 0.030469 0.036719
0 0.011719 0.017188 0.023438 0.034375
0 0.008594 0.011719 0.017188 0.023438
0 0.010156 0.014844 0.020313 0.028906
0 0.012500 0.015625 0.024219 0.030469
0 0.014844 0.017188 0.029687 0.033594
0 0.008594 0.014844 0.017188 0.029687
0 0.009375 0.013281 0.018750 0.026562
0 0.019531 0.006250 0.039062 0.011719
0 0.020313 0.007031 0.040625 0.013281
0 0.013281 0.014844 0.026562 0.028906
0 0.012500 0.016406 0.025000 0.032031
0 0.020313 0.007031 0.040625 0.014063
0 0.007812 0.007812 0.015625 0.015625
