0 0.005469 0.007031 0.010937 0.014063
0 0.004687 0.027344 0.009375 0.054688
0 0.005469 0.030469 0.010937 0.060937
0 0.007812 0.035937 0.014844 0.071094
0 0.007031 0.042188 0.014063 0.084375
0 0.007031 0.035937 0.014063 0.071875
0 0.003906 0.032813 0.007812 0.064844
0 0.005469 0.028125 0.010937 0.056250
0 0.003906 0.021094 0.007812 0.042188
0 0.005469 0.028906 0.010156 0.057813
0 0.004687 0.021094 0.009375 0.042188
0 0.005469 0.026562 0.010937 0.053125
0 0.005469 0.031250 0.010937 0.061719
0 0.003906 0.009375 0.007812 0.018750
0 0.005469 0.005469 0.010937 0.010937
0 0.005469 0.006250 0.010156 0.012500
0 0.005469 0.009375 0.010937 0.018750
0 0.003125 0.028906 0.006250 0.057813
0 0.006250 0.025781 0.012500 0.051562
0 0.003906 0.029687 0.007812 0.059375
0 0.006250 0.013281 0.012500 0.026562
0 0.007031 0.010156 0.014063 0.020313
0 0.005469 0.011719 0.010937 0.023438
0 0.006250 0.025000 0.012500 0.050000
0 0.007812 0.023438 0.014844 0.046094
0 0.003125 0.045312 0.006250 0.090625
0 0.006250 0.042969 0.012500 0.085938
0 0.005469 0.027344 0.010156 0.054688
0 0.003906 0.032031 0.007812 0.064062
0 0.003125 0.028906 0.006250 0.057031
0 0.003125 0.021875 0.006250 0.043750
0 0.003906 0.023438 0.007812 0.046875
0 0.003125 0.024219 0.006250 0.048438
0 0.005469 0.025781 0.010156 0.051562
0 0.007031 0.013281 0.014063 0.026562
0 0.006250 0.014844 0.012500 0.029687
0 0.006250 0.014063 0.012500 0.027344
0 0.007031 0.010937 0.014063 0.021875
0 0.007031 0.032813 0.014063 0.065625
0 0.003906 0.028906 0.007812 0.057813
0 0.003906 0.027344 0.007812 0.054688
0 0.005469 0.042188 0.010937 0.084375
0 0.005469 0.039062 0.010937 0.078125
0 0.005469 0.018750 0.010937 0.037500
0 0.003906 0.031250 0.007812 0.062500
0 0.006250 0.004687 0.012500 0.008594
0 0.005469 0.006250 0.010937 0.012500
0 0.004687 0.028125 0.009375 0.055469
0 0.004687 0.028125 0.009375 0.056250
0 0.008594 0.010937 0.017188 0.021875
0 0.010156 0.010937 0.020313 0.021875
0 0.009375 0.014063 0.018750 0.028125
0 0.007031 0.011719 0.014063 0.023438
0 0.007031 0.014844 0.014063 0.029687
0 0.003125 0.019531 0.006250 0.039062
0 0.005469 0.025000 0.010156 0.049219
0 0.003906 0.019531 0.007812 0.039062
0 0.007031 0.015625 0.014063 0.031250
0 0.008594 0.011719 0.017188 0.023438
0 0.003906 0.035937 0.007031 0.071094
0 0.006250 0.042188 0.012500 0.083594
0 0.008594 0.040625 0.017188 0.080469
0 0.011719 0.029687 0.023438 0.059375
0 0.004687 0.045312 0.009375 0.090625
0 0.005469 0.044531 0.010937 0.089063
0 0.006250 0.031250 0.011719 0.061719
0 0.003906 0.032813 0.007031 0.064844
0 0.010156 0.010156 0.020313 0.020313
0 0.010156 0.017969 0.020313 0.035937
0 0.005469 0.028125 0.010937 0.055469
0 0.005469 0.027344 0.010937 0.054688
0 0.006250 0.026562 0.011719 0.052344
0 0.004687 0.035937 0.009375 0.071875
0 0.005469 0.035156 0.010156 0.069531
0 0.005469 0.032031 0.010937 0.064062
0 0.004687 0.031250 0.009375 0.062500
0 0.004687 0.029687 0.009375 0.059375
0 0.005469 0.028906 0.010937 0.057813
0 0.005469 0.029687 0.010937 0.059375
0 0.008594 0.042188 0.017188 0.084375
0 0.004687 0.033594 0.009375 0.067187
0 0.005469 0.032031 0.010156 0.063281
0 0.004687 0.032813 0.009375 0.065625
0 0.004687 0.032031 0.009375 0.064062
0 0.005469 0.032031 0.010156 0.064062
0 0.007812 0.025000 0.014844 0.049219
0 0.005469 0.035156 0.010937 0.070312
0 0.008594 0.032813 0.017188 0.065625
0 0.007812 0.037500 0.015625 0.074219
0 0.003906 0.028906 0.007812 0.057031
0 0.006250 0.030469 0.012500 0.060156
0 0.010937 0.032813 0.021875 0.064844
0 0.003906 0.018750 0.007812 0.037500
0 0.003906 0.020313 0.007812 0.040625
0 0.021094 0.015625 0.041406 0.031250
0 0.017188 0.020313 0.034375 0.039844
0 0.020313 0.017188 0.040625 0.034375
0 0.010937 0.012500 0.021875 0.025000
0 0.009375 0.010156 0.018750 0.020313
0 0.011719 0.005469 0.023438 0.010937
0 0.011719 0.012500 0.023438 0.025000
0 0.007812 0.013281 0.014844 0.026562
0 0.004687 0.005469 0.009375 0.010937
0 0.005469 0.035937 0.010937 0.071875
0 0.028125 0.016406 0.056250 0.032813
0 0.028125 0.014844 0.056250 0.029687
0 0.025000 0.010937 0.050000 0.021875
0 0.024219 0.015625 0.048438 0.031250
0 0.005469 0.039844 0.010937 0.079687
0 0.004687 0.007031 0.009375 0.014063
0 0.025000 0.015625 0.050000 0.031250
0 0.004687 0.007812 0.009375 0.015625
0 0.003125 0.006250 0.006250 0.012500
0 0.003906 0.004687 0.007812 0.009375
0 0.003906 0.007031 0.007812 0.014063
