0 0.005469 0.005469 0.010937 0.010937
0 0.017969 0.006250 0.035937 0.012500
0 0.015625 0.010937 0.030469 0.021875
0 0.015625 0.007812 0.031250 0.015625
0 0.014063 0.007812 0.028125 0.015625
0 0.017188 0.008594 0.034375 0.017188
0 0.010937 0.009375 0.021875 0.018750
0 0.010156 0.010156 0.020313 0.020313
0 0.015625 0.009375 0.031250 0.018750
0 0.014844 0.010156 0.029687 0.020313
0 0.016406 0.008594 0.032813 0.017188
0 0.018750 0.007031 0.037500 0.014063
0 0.019531 0.007031 0.039062 0.014063
0 0.015625 0.006250 0.030469 0.012500
0 0.017188 0.009375 0.034375 0.018750
0 0.017188 0.009375 0.033594 0.018750
0 0.017188 0.007031 0.033594 0.014063
0 0.017188 0.007812 0.034375 0.015625
0 0.017969 0.008594 0.035937 0.017188
0 0.017969 0.008594 0.035937 0.016406
0 0.018750 0.009375 0.036719 0.018750
0 0.018750 0.008594 0.037500 0.017188
0 0.018750 0.009375 0.037500 0.018750
0 0.016406 0.007812 0.032813 0.015625
0 0.017969 0.007031 0.035156 0.014063
0 0.017969 0.007812 0.035937 0.014844
0 0.011719 0.009375 0.023438 0.017969
0 0.011719 0.008594 0.023438 0.017188
0 0.012500 0.009375 0.025000 0.017969
0 0.016406 0.006250 0.032813 0.011719
0 0.016406 0.005469 0.032813 0.010937
0 0.015625 0.005469 0.031250 0.010937
0 0.014844 0.005469 0.028906 0.010156
0 0.014063 0.008594 0.028125 0.017188
0 0.018750 0.007031 0.036719 0.014063
0 0.017969 0.007031 0.035937 0.014063
0 0.007031 0.004687 0.014063 0.009375
0 0.014844 0.005469 0.029687 0.010937
0 0.015625 0.006250 0.031250 0.011719
0 0.017188 0.006250 0.034375 0.012500
0 0.017188 0.007031 0.034375 0.014063
0 0.016406 0.008594 0.032031 0.017188
0 0.013281 0.009375 0.025781 0.017969
0 0.015625 0.008594 0.031250 0.016406
0 0.018750 0.009375 0.037500 0.017969
0 0.010937 0.027344 0.021875 0.054688
0 0.016406 0.009375 0.032813 0.018750
0 0.007812 0.019531 0.015625 0.039062
0 0.017969 0.008594 0.035156 0.016406
0 0.018750 0.007812 0.036719 0.014844
0 0.014844 0.008594 0.028906 0.017188
0 0.014844 0.008594 0.029687 0.017188
0 0.017969 0.008594 0.035156 0.017188
0 0.013281 0.042969 0.026562 0.085938
0 0.020313 0.008594 0.040625 0.017188
0 0.016406 0.007812 0.032813 0.014844
0 0.009375 0.029687 0.018750 0.058594
0 0.007812 0.037500 0.015625 0.075000
0 0.008594 0.039062 0.017188 0.077344
0 0.016406 0.006250 0.032813 0.012500
0 0.017188 0.006250 0.033594 0.012500
0 0.015625 0.009375 0.031250 0.017969
0 0.015625 0.006250 0.031250 0.012500
0 0.017188 0.009375 0.034375 0.017969
0 0.016406 0.009375 0.032813 0.017969
0 0.014844 0.007812 0.029687 0.015625
0 0.008594 0.038281 0.017188 0.075781
0 0.006250 0.048438 0.012500 0.096875
0 0.007812 0.046875 0.015625 0.093750
0 0.008594 0.049219 0.017188 0.098437
0 0.007812 0.030469 0.014844 0.060937
0 0.008594 0.030469 0.017188 0.060156
0 0.005469 0.035156 0.010937 0.070312
0 0.004687 0.035937 0.009375 0.071875
0 0.015625 0.009375 0.030469 0.018750
0 0.015625 0.007031 0.031250 0.014063
0 0.016406 0.007812 0.032031 0.014844
0 0.013281 0.007812 0.025781 0.014844
0 0.015625 0.007031 0.031250 0.013281
0 0.016406 0.009375 0.032031 0.018750
0 0.016406 0.004687 0.032813 0.009375
0 0.016406 0.007031 0.032031 0.013281
0 0.003906 0.034375 0.007812 0.068750
0 0.003906 0.033594 0.007812 0.067187
0 0.004687 0.025781 0.009375 0.051562
0 0.003906 0.009375 0.007031 0.018750
0 0.003906 0.011719 0.007812 0.022656
0 0.003125 0.027344 0.006250 0.054688
0 0.004687 0.030469 0.008594 0.060937
0 0.004687 0.033594 0.009375 0.067187
0 0.004687 0.029687 0.009375 0.059375
0 0.004687 0.028906 0.009375 0.057813
0 0.003906 0.032813 0.007812 0.065625
0 0.004687 0.034375 0.009375 0.067969
0 0.014063 0.007812 0.027344 0.015625
0 0.003906 0.032031 0.007812 0.063281
0 0.003906 0.035937 0.007812 0.071875
0 0.014844 0.006250 0.029687 0.012500
0 0.004687 0.034375 0.008594 0.067969
0 0.014844 0.009375 0.029687 0.018750
0 0.014844 0.007031 0.029687 0.013281
0 0.016406 0.006250 0.032031 0.012500
0 0.016406 0.010156 0.032813 0.020313
0 0.016406 0.005469 0.032031 0.010937
0 0.015625 0.008594 0.031250 0.017188
0 0.003906 0.032031 0.007812 0.064062
0 0.004687 0.032031 0.008594 0.064062
0 0.014063 0.010156 0.027344 0.020313
