0 0.009375 0.018750 0.017969 0.037500
0 0.005469 0.018750 0.010937 0.037500
0 0.005469 0.019531 0.010937 0.039062
0 0.003906 0.022656 0.007812 0.045312
0 0.005469 0.024219 0.010156 0.047656
0 0.004687 0.024219 0.009375 0.048438
0 0.007812 0.017188 0.015625 0.034375
0 0.005469 0.030469 0.010156 0.060937
0 0.003906 0.018750 0.007812 0.037500
0 0.006250 0.028906 0.012500 0.057031
0 0.004687 0.031250 0.008594 0.062500
0 0.005469 0.028906 0.010937 0.057031
0 0.005469 0.030469 0.010937 0.060937
0 0.005469 0.029687 0.010937 0.059375
0 0.003906 0.029687 0.007812 0.059375
0 0.005469 0.034375 0.010937 0.068750
0 0.007031 0.036719 0.014063 0.073438
0 0.007812 0.038281 0.014844 0.075781
0 0.004687 0.038281 0.009375 0.076563
0 0.005469 0.025781 0.010937 0.051562
0 0.005469 0.022656 0.010156 0.044531
0 0.005469 0.027344 0.010156 0.054688
0 0.004687 0.030469 0.009375 0.060937
0 0.004687 0.032813 0.009375 0.065625
0 0.004687 0.032031 0.009375 0.063281
0 0.007031 0.029687 0.014063 0.059375
0 0.004687 0.027344 0.009375 0.054688
0 0.006250 0.026562 0.012500 0.053125
0 0.003125 0.028906 0.006250 0.057813
0 0.005469 0.030469 0.010937 0.060156
0 0.003125 0.024219 0.006250 0.047656
0 0.003906 0.023438 0.007812 0.046094
0 0.005469 0.026562 0.010156 0.052344
0 0.005469 0.032031 0.010937 0.063281
0 0.006250 0.028125 0.012500 0.056250
0 0.005469 0.032813 0.010937 0.065625
0 0.005469 0.028906 0.010937 0.057813
0 0.004687 0.031250 0.009375 0.061719
0 0.003125 0.029687 0.006250 0.059375
0 0.006250 0.031250 0.012500 0.062500
0 0.003906 0.033594 0.007812 0.067187
0 0.005469 0.032813 0.010937 0.064844
0 0.004687 0.032031 0.009375 0.064062
0 0.005469 0.031250 0.010937 0.062500
0 0.003906 0.033594 0.007812 0.066406
0 0.004687 0.029687 0.009375 0.059375
0 0.005469 0.033594 0.010937 0.067187
0 0.005469 0.037500 0.010937 0.074219
0 0.007031 0.032813 0.014063 0.065625
0 0.003906 0.026562 0.007812 0.053125
0 0.003125 0.028125 0.006250 0.056250
0 0.003125 0.027344 0.006250 0.053906
0 0.007812 0.032031 0.015625 0.064062
0 0.007031 0.030469 0.014063 0.060937
0 0.007812 0.040625 0.015625 0.080469
0 0.004687 0.037500 0.009375 0.075000
0 0.007812 0.035156 0.015625 0.070312
0 0.008594 0.036719 0.016406 0.073438
0 0.006250 0.036719 0.012500 0.072656
0 0.006250 0.032813 0.012500 0.065625
0 0.006250 0.032813 0.011719 0.064844
0 0.003906 0.021875 0.007812 0.043750
0 0.003125 0.023438 0.005469 0.046094
0 0.004687 0.028906 0.009375 0.057031
0 0.007031 0.031250 0.014063 0.062500
0 0.006250 0.033594 0.012500 0.067187
0 0.006250 0.032031 0.012500 0.064062
0 0.007031 0.035937 0.014063 0.071094
0 0.003906 0.041406 0.007812 0.082812
0 0.007031 0.041406 0.014063 0.082812
0 0.006250 0.035156 0.012500 0.070312
0 0.007031 0.035937 0.013281 0.071875
0 0.006250 0.034375 0.012500 0.068750
0 0.005469 0.031250 0.010156 0.062500
0 0.006250 0.029687 0.011719 0.058594
0 0.017188 0.036719 0.034375 0.072656
0 0.004687 0.032813 0.008594 0.064844
0 0.007812 0.032813 0.015625 0.065625
0 0.007031 0.032031 0.014063 0.064062
0 0.003125 0.023438 0.006250 0.046875
0 0.013281 0.038281 0.025781 0.075781
0 0.013281 0.037500 0.026562 0.075000
0 0.012500 0.039062 0.025000 0.078125
0 0.013281 0.036719 0.026562 0.072656
0 0.005469 0.036719 0.010937 0.073438
0 0.007812 0.040625 0.015625 0.081250
0 0.007812 0.042188 0.015625 0.084375
0 0.007812 0.044531 0.014844 0.088281
0 0.005469 0.042188 0.010937 0.084375
0 0.008594 0.042188 0.016406 0.084375
0 0.006250 0.042969 0.012500 0.085938
