0 0.007031 0.031250 0.014063 0.062500
0 0.008594 0.032813 0.016406 0.065625
0 0.005469 0.028906 0.010937 0.057813
0 0.003125 0.025000 0.006250 0.050000
0 0.006250 0.032813 0.012500 0.065625
0 0.005469 0.028125 0.010937 0.055469
0 0.005469 0.030469 0.010937 0.060937
0 0.007031 0.031250 0.013281 0.062500
0 0.005469 0.014844 0.010937 0.029687
0 0.007031 0.032813 0.014063 0.065625
0 0.007812 0.032031 0.015625 0.064062
0 0.007812 0.030469 0.015625 0.060937
0 0.007031 0.030469 0.014063 0.060156
0 0.005469 0.029687 0.010937 0.059375
0 0.005469 0.033594 0.010937 0.067187
0 0.006250 0.032031 0.012500 0.064062
0 0.008594 0.028906 0.017188 0.057813
0 0.007031 0.036719 0.014063 0.073438
0 0.005469 0.036719 0.010937 0.073438
0 0.007812 0.039844 0.015625 0.078906
0 0.006250 0.034375 0.011719 0.068750
0 0.007031 0.036719 0.014063 0.072656
0 0.006250 0.038281 0.012500 0.076563
0 0.007031 0.035937 0.014063 0.071875
0 0.005469 0.034375 0.010937 0.068750
0 0.007031 0.035156 0.013281 0.070312
0 0.006250 0.034375 0.012500 0.068750
0 0.005469 0.035937 0.010937 0.071094
0 0.005469 0.035156 0.010937 0.070312
0 0.007031 0.038281 0.014063 0.075781
0 0.010156 0.017188 0.020313 0.034375
0 0.007812 0.017969 0.015625 0.035937
0 0.007031 0.034375 0.014063 0.068750
0 0.004687 0.029687 0.009375 0.059375
0 0.006250 0.029687 0.012500 0.059375
0 0.003906 0.031250 0.007812 0.061719
0 0.005469 0.032813 0.010156 0.064844
0 0.006250 0.032813 0.011719 0.065625
0 0.009375 0.037500 0.017969 0.074219
0 0.005469 0.031250 0.010937 0.062500
0 0.004687 0.031250 0.009375 0.062500
0 0.006250 0.035937 0.011719 0.071094
0 0.004687 0.028906 0.009375 0.057031
0 0.007031 0.029687 0.014063 0.059375
0 0.003125 0.028125 0.006250 0.056250
0 0.003906 0.028906 0.007031 0.057031
0 0.004687 0.026562 0.009375 0.053125
0 0.006250 0.027344 0.012500 0.054688
0 0.005469 0.035937 0.010937 0.071875
0 0.007812 0.039062 0.015625 0.078125
0 0.007031 0.037500 0.014063 0.075000
0 0.006250 0.031250 0.012500 0.062500
0 0.003906 0.025000 0.007812 0.050000
0 0.009375 0.011719 0.018750 0.023438
0 0.003125 0.019531 0.006250 0.039062
0 0.004687 0.025781 0.008594 0.050781
0 0.003906 0.026562 0.007031 0.052344
0 0.006250 0.026562 0.012500 0.053125
0 0.004687 0.020313 0.009375 0.040625
0 0.006250 0.022656 0.012500 0.044531
0 0.005469 0.017969 0.010156 0.035937
0 0.005469 0.021875 0.010937 0.043750
0 0.004687 0.028906 0.008594 0.057813
0 0.005469 0.024219 0.010156 0.047656
0 0.003125 0.024219 0.006250 0.048438
0 0.004687 0.025000 0.009375 0.050000
0 0.003906 0.021094 0.007812 0.041406
0 0.004687 0.021094 0.009375 0.042188
0 0.005469 0.025000 0.010156 0.050000
0 0.006250 0.032031 0.012500 0.063281
0 0.005469 0.009375 0.010937 0.018750
0 0.005469 0.029687 0.010937 0.058594
0 0.003906 0.027344 0.007031 0.053906
0 0.003906 0.024219 0.007812 0.048438
0 0.005469 0.026562 0.010156 0.053125
0 0.005469 0.023438 0.010937 0.046875
0 0.005469 0.020313 0.010937 0.040625
0 0.007031 0.024219 0.014063 0.048438
0 0.005469 0.021875 0.010156 0.043750
0 0.005469 0.020313 0.010937 0.039844
0 0.005469 0.021094 0.010937 0.042188
0 0.004687 0.016406 0.009375 0.032813
0 0.004687 0.018750 0.009375 0.037500
0 0.004687 0.017188 0.009375 0.033594
0 0.004687 0.021875 0.009375 0.043750
0 0.005469 0.028125 0.010937 0.056250
0 0.004687 0.023438 0.009375 0.046875
0 0.012500 0.024219 0.025000 0.048438
0 0.003906 0.028906 0.007812 0.057813
0 0.009375 0.010156 0.017969 0.019531
0 0.004687 0.006250 0.009375 0.012500
0 0.005469 0.031250 0.010156 0.062500
0 0.008594 0.007812 0.017188 0.015625
0 0.007031 0.007812 0.013281 0.015625
0 0.008594 0.010937 0.017188 0.021875
0 0.007031 0.007812 0.014063 0.015625
0 0.004687 0.004687 0.008594 0.009375
0 0.006250 0.018750 0.012500 0.037500
0 0.007031 0.031250 0.013281 0.061719
0 0.006250 0.033594 0.012500 0.067187
0 0.005469 0.032031 0.010937 0.064062
0 0.007031 0.008594 0.014063 0.017188
0 0.008594 0.016406 0.016406 0.032031
0 0.008594 0.006250 0.017188 0.012500
0 0.005469 0.009375 0.010156 0.018750
0 0.007812 0.034375 0.014844 0.068750
0 0.005469 0.010156 0.010937 0.020313
0 0.009375 0.036719 0.018750 0.073438
0 0.008594 0.037500 0.016406 0.074219
0 0.009375 0.012500 0.018750 0.025000
0 0.006250 0.032031 0.011719 0.064062
0 0.007812 0.037500 0.015625 0.075000
0 0.010156 0.010937 0.020313 0.021875
0 0.009375 0.010937 0.017969 0.021875
0 0.003125 0.007031 0.006250 0.014063
0 0.005469 0.007812 0.010937 0.015625
0 0.006250 0.009375 0.012500 0.018750
0 0.007812 0.032813 0.015625 0.065625
0 0.007031 0.031250 0.014063 0.061719
