0 0.011719 0.029687 0.023438 0.059375
0 0.007812 0.028125 0.015625 0.056250
0 0.005469 0.023438 0.010156 0.046094
0 0.005469 0.024219 0.010937 0.048438
0 0.010156 0.021094 0.020313 0.042188
0 0.007031 0.018750 0.014063 0.036719
0 0.007812 0.025781 0.015625 0.051562
0 0.012500 0.029687 0.024219 0.058594
0 0.012500 0.028906 0.024219 0.057813
0 0.007031 0.028125 0.014063 0.056250
0 0.011719 0.028125 0.023438 0.056250
0 0.007031 0.027344 0.014063 0.053906
0 0.008594 0.026562 0.016406 0.052344
0 0.009375 0.020313 0.018750 0.040625
0 0.006250 0.023438 0.012500 0.046875
0 0.009375 0.022656 0.018750 0.045312
0 0.003906 0.017188 0.007812 0.034375
0 0.008594 0.025000 0.017188 0.049219
0 0.006250 0.026562 0.012500 0.053125
0 0.005469 0.021094 0.010937 0.042188
0 0.003906 0.022656 0.007812 0.045312
0 0.003906 0.025781 0.007812 0.051562
0 0.003906 0.025000 0.007031 0.050000
0 0.012500 0.051562 0.025000 0.102344
0 0.004687 0.023438 0.009375 0.046875
0 0.003906 0.025000 0.007031 0.049219
0 0.007812 0.022656 0.014844 0.044531
0 0.012500 0.049219 0.024219 0.097656
0 0.009375 0.021094 0.018750 0.041406
0 0.012500 0.041406 0.025000 0.082812
0 0.008594 0.024219 0.017188 0.048438
0 0.018750 0.030469 0.037500 0.060937
0 0.006250 0.045312 0.012500 0.090625
0 0.010937 0.046094 0.021875 0.091406
0 0.010937 0.045312 0.021875 0.089844
0 0.023438 0.032813 0.046875 0.065625
0 0.011719 0.028906 0.023438 0.057813
0 0.018750 0.029687 0.036719 0.059375
0 0.018750 0.029687 0.037500 0.059375
0 0.010156 0.025781 0.020313 0.051562
0 0.009375 0.026562 0.018750 0.052344
0 0.010937 0.030469 0.021094 0.060937
0 0.003906 0.019531 0.007812 0.039062
0 0.012500 0.032031 0.025000 0.063281
0 0.014844 0.030469 0.029687 0.060937
0 0.007812 0.048438 0.015625 0.096875
0 0.008594 0.049219 0.017188 0.097656
0 0.012500 0.057031 0.025000 0.114062
0 0.011719 0.057813 0.023438 0.114844
0 0.013281 0.058594 0.026562 0.117188
0 0.013281 0.051562 0.026562 0.103125
0 0.014063 0.058594 0.028125 0.117188
0 0.012500 0.054688 0.025000 0.109375
0 0.011719 0.040625 0.023438 0.081250
0 0.010156 0.035937 0.019531 0.071875
0 0.009375 0.025781 0.018750 0.051562
0 0.009375 0.042969 0.018750 0.085156
0 0.007812 0.019531 0.015625 0.039062
0 0.010156 0.043750 0.019531 0.087500
0 0.008594 0.021094 0.017188 0.042188
0 0.005469 0.023438 0.010937 0.046094
0 0.005469 0.022656 0.010156 0.045312
0 0.009375 0.018750 0.018750 0.037500
0 0.007031 0.021094 0.013281 0.042188
0 0.003906 0.020313 0.007812 0.040625
0 0.003906 0.021875 0.007031 0.042969
0 0.006250 0.018750 0.012500 0.036719
0 0.003125 0.020313 0.006250 0.039844
0 0.009375 0.006250 0.018750 0.012500
0 0.009375 0.008594 0.018750 0.017188
0 0.003906 0.021094 0.007812 0.042188
0 0.010156 0.021875 0.019531 0.043750
0 0.004687 0.021875 0.009375 0.043750
0 0.005469 0.021094 0.010937 0.041406
0 0.005469 0.021875 0.010937 0.043750
0 0.005469 0.023438 0.010937 0.046875
0 0.005469 0.022656 0.010937 0.045312
0 0.006250 0.021875 0.011719 0.042969
0 0.006250 0.021875 0.012500 0.043750
0 0.005469 0.018750 0.010937 0.037500
0 0.010156 0.023438 0.019531 0.046875
0 0.007812 0.018750 0.015625 0.037500
0 0.009375 0.042969 0.018750 0.085938
0 0.008594 0.021875 0.016406 0.043750
0 0.010156 0.046094 0.020313 0.092188
0 0.009375 0.043750 0.018750 0.087500
0 0.010156 0.044531 0.020313 0.088281
0 0.009375 0.045312 0.018750 0.090625
0 0.010156 0.043750 0.019531 0.086719
0 0.004687 0.028125 0.009375 0.056250
0 0.005469 0.027344 0.010156 0.054688
0 0.004687 0.027344 0.009375 0.054688
0 0.005469 0.027344 0.010937 0.053906
0 0.004687 0.032813 0.009375 0.065625
0 0.003906 0.031250 0.007812 0.062500
0 0.009375 0.019531 0.018750 0.039062
0 0.003906 0.025781 0.007812 0.050781
0 0.003906 0.025000 0.007812 0.050000
0 0.011719 0.041406 0.023438 0.082031
0 0.008594 0.039844 0.017188 0.079687
0 0.010156 0.039844 0.020313 0.079687
0 0.007031 0.036719 0.014063 0.072656
0 0.008594 0.035156 0.017188 0.070312
0 0.008594 0.020313 0.017188 0.040625
0 0.007812 0.017969 0.015625 0.035156
0 0.008594 0.021875 0.017188 0.043750
0 0.008594 0.019531 0.017188 0.039062
0 0.008594 0.017188 0.017188 0.034375
