0 0.010156 0.005469 0.020313 0.010937
0 0.010937 0.005469 0.021094 0.010937
0 0.005469 0.011719 0.010937 0.023438
0 0.004687 0.012500 0.009375 0.025000
0 0.006250 0.011719 0.012500 0.022656
0 0.003125 0.021875 0.006250 0.043750
0 0.005469 0.010156 0.010937 0.020313
0 0.004687 0.010937 0.009375 0.021875
0 0.006250 0.013281 0.012500 0.026562
0 0.007031 0.012500 0.013281 0.024219
0 0.008594 0.018750 0.017188 0.036719
0 0.010937 0.006250 0.021875 0.012500
0 0.011719 0.007812 0.022656 0.015625
0 0.006250 0.015625 0.012500 0.031250
0 0.005469 0.007031 0.010937 0.014063
0 0.005469 0.007812 0.010937 0.014844
0 0.003906 0.025000 0.007812 0.050000
0 0.006250 0.010156 0.012500 0.020313
0 0.003906 0.022656 0.007812 0.045312
0 0.005469 0.034375 0.010937 0.068750
0 0.007812 0.013281 0.015625 0.026562
0 0.008594 0.033594 0.017188 0.066406
0 0.014844 0.038281 0.029687 0.076563
0 0.017969 0.047656 0.035937 0.095312
0 0.013281 0.008594 0.026562 0.017188
0 0.013281 0.010156 0.026562 0.020313
0 0.012500 0.009375 0.025000 0.018750
0 0.012500 0.008594 0.025000 0.017188
0 0.013281 0.009375 0.026562 0.018750
0 0.012500 0.007031 0.025000 0.014063
0 0.014063 0.010156 0.028125 0.020313
0 0.007031 0.042969 0.014063 0.085156
0 0.007812 0.041406 0.015625 0.082812
0 0.005469 0.008594 0.010156 0.016406
0 0.009375 0.006250 0.018750 0.012500
0 0.009375 0.007031 0.018750 0.014063
0 0.009375 0.007812 0.018750 0.015625
0 0.007812 0.005469 0.015625 0.010937
0 0.010156 0.008594 0.020313 0.017188
0 0.009375 0.007812 0.017969 0.015625
0 0.004687 0.014844 0.009375 0.029687
0 0.039844 0.019531 0.078906 0.039062
0 0.004687 0.014063 0.009375 0.028125
0 0.005469 0.014063 0.010937 0.028125
0 0.009375 0.006250 0.017969 0.011719
0 0.006250 0.013281 0.012500 0.025781
0 0.004687 0.025781 0.009375 0.051562
0 0.014844 0.035937 0.029687 0.071875
0 0.008594 0.021875 0.016406 0.042969
0 0.009375 0.029687 0.018750 0.059375
0 0.006250 0.018750 0.012500 0.037500
0 0.006250 0.017969 0.012500 0.035937
0 0.007812 0.019531 0.015625 0.038281
0 0.009375 0.011719 0.017969 0.023438
0 0.007812 0.016406 0.015625 0.032813
0 0.007812 0.017188 0.015625 0.033594
0 0.008594 0.015625 0.017188 0.031250
0 0.009375 0.014063 0.017969 0.027344
0 0.017969 0.029687 0.035937 0.059375
0 0.020313 0.032813 0.040625 0.065625
0 0.009375 0.035156 0.018750 0.070312
0 0.009375 0.030469 0.017969 0.060156
0 0.010937 0.022656 0.021875 0.045312
0 0.009375 0.025781 0.018750 0.051562
0 0.016406 0.028906 0.032031 0.057813
0 0.011719 0.022656 0.023438 0.045312
0 0.024219 0.049219 0.048438 0.098437
0 0.025000 0.052344 0.049219 0.104688
0 0.021875 0.032031 0.043750 0.064062
0 0.012500 0.041406 0.025000 0.082812
0 0.014844 0.039062 0.029687 0.077344
0 0.021875 0.050000 0.043750 0.100000
0 0.028906 0.066406 0.057031 0.132812
0 0.011719 0.034375 0.023438 0.068750
0 0.034375 0.047656 0.068750 0.095312
0 0.019531 0.017188 0.039062 0.034375
0 0.019531 0.018750 0.038281 0.037500
0 0.012500 0.025781 0.024219 0.050781
0 0.007812 0.026562 0.015625 0.053125
0 0.007812 0.009375 0.015625 0.018750
0 0.010937 0.035156 0.021094 0.069531
0 0.010156 0.006250 0.020313 0.011719
0 0.010156 0.004687 0.020313 0.009375
0 0.010937 0.017969 0.021094 0.035156
0 0.003906 0.013281 0.007812 0.026562
0 0.004687 0.013281 0.008594 0.026562
0 0.004687 0.007812 0.009375 0.015625
0 0.008594 0.025000 0.017188 0.050000
0 0.003906 0.014063 0.007812 0.027344
0 0.003125 0.018750 0.006250 0.037500
0 0.006250 0.004687 0.012500 0.008594
0 0.006250 0.006250 0.012500 0.011719
0 0.006250 0.008594 0.012500 0.017188
0 0.007812 0.021094 0.015625 0.042188
0 0.010937 0.032813 0.021875 0.065625
0 0.005469 0.019531 0.010937 0.039062
0 0.007812 0.025781 0.014844 0.051562
0 0.008594 0.028906 0.016406 0.057813
0 0.010156 0.028125 0.020313 0.055469
0 0.007812 0.028125 0.015625 0.056250
0 0.009375 0.035156 0.017969 0.070312
0 0.005469 0.022656 0.010937 0.045312
0 0.005469 0.021875 0.010156 0.042969
0 0.008594 0.014063 0.017188 0.028125
0 0.006250 0.011719 0.012500 0.023438
0 0.005469 0.020313 0.010156 0.040625
0 0.004687 0.021094 0.009375 0.042188
