0 0.009375 0.036719 0.018750 0.073438
0 0.007031 0.038281 0.014063 0.076563
0 0.007812 0.037500 0.015625 0.075000
0 0.009375 0.039062 0.018750 0.078125
0 0.008594 0.036719 0.017188 0.073438
0 0.003125 0.025781 0.006250 0.051562
0 0.008594 0.035937 0.017188 0.071875
0 0.009375 0.039844 0.018750 0.079687
0 0.008594 0.039844 0.017188 0.079687
0 0.009375 0.038281 0.018750 0.076563
0 0.007031 0.037500 0.014063 0.074219
0 0.009375 0.040625 0.018750 0.080469
0 0.008594 0.039062 0.017188 0.078125
0 0.007812 0.036719 0.015625 0.073438
0 0.007031 0.038281 0.014063 0.075781
0 0.002344 0.024219 0.004687 0.048438
0 0.007812 0.041406 0.015625 0.082812
0 0.010156 0.043750 0.020313 0.086719
0 0.007812 0.035937 0.015625 0.071875
0 0.004687 0.035937 0.009375 0.071875
0 0.006250 0.044531 0.012500 0.089063
0 0.006250 0.043750 0.012500 0.087500
0 0.005469 0.042188 0.010937 0.084375
0 0.010937 0.049219 0.021875 0.098437
0 0.010937 0.051562 0.021875 0.102344
0 0.011719 0.050000 0.023438 0.100000
0 0.010937 0.043750 0.021875 0.087500
0 0.007812 0.035937 0.014844 0.071094
0 0.010937 0.042188 0.021875 0.084375
0 0.005469 0.034375 0.010937 0.068750
0 0.006250 0.039062 0.012500 0.078125
0 0.006250 0.032813 0.011719 0.065625
0 0.007031 0.021875 0.014063 0.043750
0 0.007031 0.040625 0.014063 0.081250
0 0.008594 0.042969 0.017188 0.085156
0 0.005469 0.039844 0.010156 0.078906
0 0.003906 0.038281 0.007812 0.075781
0 0.006250 0.032031 0.012500 0.064062
0 0.003125 0.029687 0.006250 0.059375
0 0.003906 0.032031 0.007031 0.064062
0 0.006250 0.007031 0.011719 0.014063
0 0.003125 0.035156 0.006250 0.070312
0 0.004687 0.007812 0.009375 0.015625
0 0.002344 0.037500 0.003906 0.075000
0 0.002344 0.035937 0.004687 0.071875
0 0.003125 0.037500 0.005469 0.075000
0 0.003125 0.035937 0.006250 0.071875
0 0.003906 0.034375 0.007031 0.068750
0 0.003906 0.036719 0.007031 0.073438
0 0.003125 0.037500 0.006250 0.075000
0 0.003125 0.041406 0.006250 0.082031
0 0.004687 0.025781 0.009375 0.051562
0 0.008594 0.021094 0.017188 0.041406
0 0.009375 0.023438 0.018750 0.046094
0 0.007812 0.021875 0.015625 0.043750
0 0.011719 0.028906 0.023438 0.057813
0 0.007812 0.014063 0.015625 0.028125
0 0.001563 0.032031 0.003125 0.064062
0 0.001563 0.032813 0.002344 0.065625
0 0.003125 0.031250 0.005469 0.062500
0 0.003125 0.032813 0.006250 0.065625
0 0.002344 0.032031 0.004687 0.064062
0 0.002344 0.033594 0.004687 0.067187
0 0.002344 0.033594 0.003906 0.067187
0 0.002344 0.032031 0.003906 0.064062
0 0.001563 0.003906 0.003125 0.007812
0 0.005469 0.020313 0.010937 0.040625
0 0.003125 0.036719 0.005469 0.072656
0 0.003125 0.036719 0.006250 0.073438
0 0.003906 0.028906 0.007812 0.057813
0 0.008594 0.039844 0.017188 0.078906
0 0.007031 0.037500 0.014063 0.075000
0 0.009375 0.041406 0.017969 0.082812
0 0.009375 0.043750 0.018750 0.087500
0 0.002344 0.006250 0.004687 0.012500
0 0.008594 0.042969 0.017188 0.085938
0 0.008594 0.043750 0.017188 0.087500
0 0.007812 0.039844 0.015625 0.079687
0 0.008594 0.037500 0.016406 0.075000
0 0.007031 0.035937 0.014063 0.071875
0 0.007812 0.032031 0.015625 0.064062
0 0.003125 0.028906 0.006250 0.057813
0 0.003125 0.028125 0.006250 0.055469
0 0.003125 0.018750 0.006250 0.037500
0 0.003906 0.036719 0.007812 0.073438
0 0.002344 0.032813 0.004687 0.065625
0 0.003906 0.034375 0.007812 0.067969
0 0.003125 0.039062 0.006250 0.077344
0 0.003125 0.028125 0.006250 0.056250
0 0.003906 0.036719 0.007031 0.072656
0 0.006250 0.027344 0.012500 0.054688
0 0.004687 0.028906 0.009375 0.057813
0 0.004687 0.027344 0.009375 0.054688
0 0.003125 0.030469 0.006250 0.060937
0 0.003906 0.021875 0.007812 0.043750
0 0.004687 0.037500 0.009375 0.075000
0 0.003125 0.035156 0.006250 0.069531
0 0.005469 0.022656 0.010937 0.044531
