0 0.007031 0.027344 0.013281 0.053906
0 0.005469 0.027344 0.010937 0.054688
0 0.006250 0.022656 0.011719 0.044531
0 0.005469 0.020313 0.010937 0.040625
0 0.004687 0.020313 0.009375 0.039844
0 0.005469 0.024219 0.010937 0.048438
0 0.004687 0.021094 0.009375 0.042188
0 0.006250 0.025781 0.012500 0.051562
0 0.007031 0.026562 0.014063 0.053125
0 0.006250 0.027344 0.012500 0.054688
0 0.004687 0.023438 0.009375 0.046094
0 0.006250 0.022656 0.011719 0.045312
0 0.007031 0.025000 0.013281 0.050000
0 0.011719 0.034375 0.022656 0.067969
0 0.004687 0.004687 0.009375 0.009375
0 0.028906 0.015625 0.057813 0.031250
0 0.028906 0.014063 0.057031 0.028125
0 0.004687 0.013281 0.009375 0.026562
0 0.009375 0.029687 0.017969 0.059375
0 0.007812 0.029687 0.015625 0.059375
0 0.007031 0.031250 0.014063 0.062500
0 0.007031 0.023438 0.014063 0.046875
0 0.007031 0.024219 0.013281 0.047656
0 0.005469 0.028125 0.010937 0.056250
0 0.006250 0.023438 0.012500 0.046875
0 0.004687 0.021875 0.009375 0.043750
0 0.003906 0.022656 0.007812 0.045312
0 0.007031 0.021875 0.014063 0.043750
0 0.007031 0.022656 0.014063 0.044531
0 0.005469 0.013281 0.010937 0.026562
0 0.010937 0.007031 0.021875 0.014063
0 0.012500 0.011719 0.025000 0.023438
0 0.006250 0.012500 0.012500 0.025000
0 0.009375 0.020313 0.018750 0.040625
0 0.006250 0.014844 0.012500 0.028906
0 0.009375 0.021875 0.018750 0.043750
0 0.010937 0.037500 0.021094 0.075000
0 0.009375 0.021094 0.018750 0.042188
0 0.011719 0.037500 0.023438 0.075000
0 0.011719 0.033594 0.023438 0.067187
0 0.010156 0.007812 0.020313 0.015625
0 0.010156 0.007031 0.020313 0.013281
0 0.007812 0.021875 0.015625 0.043750
0 0.007812 0.023438 0.015625 0.046875
0 0.008594 0.022656 0.017188 0.045312
0 0.014844 0.012500 0.029687 0.025000
0 0.017188 0.025781 0.034375 0.051562
0 0.021094 0.027344 0.042188 0.053906
0 0.011719 0.034375 0.023438 0.068750
0 0.014063 0.011719 0.028125 0.023438
0 0.012500 0.032031 0.025000 0.064062
0 0.011719 0.030469 0.023438 0.060937
0 0.009375 0.029687 0.018750 0.059375
0 0.008594 0.023438 0.017188 0.046875
0 0.010156 0.019531 0.020313 0.039062
0 0.008594 0.008594 0.017188 0.017188
0 0.009375 0.026562 0.018750 0.053125
0 0.011719 0.026562 0.023438 0.053125
0 0.006250 0.019531 0.012500 0.039062
0 0.009375 0.008594 0.017969 0.017188
0 0.014844 0.022656 0.028906 0.045312
0 0.020313 0.025781 0.040625 0.051562
0 0.014063 0.012500 0.028125 0.025000
0 0.009375 0.022656 0.017969 0.045312
0 0.010156 0.023438 0.020313 0.046875
0 0.009375 0.022656 0.018750 0.045312
0 0.007031 0.011719 0.014063 0.023438
0 0.007031 0.010156 0.014063 0.020313
0 0.005469 0.012500 0.010937 0.025000
0 0.007812 0.031250 0.014844 0.062500
0 0.009375 0.030469 0.018750 0.060937
0 0.007812 0.028125 0.015625 0.056250
0 0.014844 0.027344 0.029687 0.054688
0 0.014063 0.025000 0.028125 0.050000
0 0.010156 0.021094 0.019531 0.042188
0 0.007031 0.016406 0.014063 0.032031
0 0.007031 0.015625 0.014063 0.031250
0 0.007812 0.011719 0.014844 0.022656
0 0.013281 0.031250 0.026562 0.062500
0 0.014063 0.031250 0.027344 0.062500
0 0.009375 0.035937 0.018750 0.071875
0 0.007812 0.015625 0.014844 0.031250
0 0.010156 0.008594 0.020313 0.017188
0 0.011719 0.009375 0.022656 0.017969
0 0.005469 0.014844 0.010937 0.029687
0 0.004687 0.011719 0.009375 0.023438
0 0.007812 0.027344 0.014844 0.053906
0 0.010937 0.009375 0.021094 0.017969
0 0.010156 0.010937 0.020313 0.021875
0 0.016406 0.014063 0.032813 0.028125
0 0.016406 0.014063 0.032031 0.028125
0 0.014844 0.007812 0.029687 0.015625
0 0.015625 0.013281 0.031250 0.026562
0 0.020313 0.025781 0.039844 0.051562
0 0.033594 0.025000 0.067187 0.050000
0 0.013281 0.011719 0.026562 0.023438
0 0.022656 0.024219 0.045312 0.048438
0 0.014063 0.014844 0.028125 0.028906
0 0.017188 0.031250 0.034375 0.062500
0 0.014844 0.010156 0.029687 0.020313
0 0.021875 0.020313 0.043750 0.040625
0 0.015625 0.010156 0.031250 0.020313
0 0.004687 0.019531 0.009375 0.038281
0 0.021875 0.021094 0.043750 0.042188
0 0.006250 0.020313 0.012500 0.040625
0 0.017188 0.017188 0.034375 0.034375
0 0.007031 0.017188 0.014063 0.034375
0 0.007812 0.017188 0.014844 0.034375
0 0.010937 0.017969 0.021875 0.035937
0 0.010156 0.014844 0.020313 0.029687
0 0.011719 0.014844 0.022656 0.029687
0 0.010937 0.016406 0.021875 0.032813
0 0.007812 0.013281 0.015625 0.025781
0 0.005469 0.021094 0.010937 0.042188
0 0.005469 0.026562 0.010937 0.053125
0 0.006250 0.026562 0.012500 0.053125
0 0.007812 0.007812 0.015625 0.014844
0 0.010937 0.030469 0.021875 0.060937
0 0.006250 0.021094 0.012500 0.042188
0 0.010156 0.008594 0.019531 0.017188
0 0.009375 0.023438 0.018750 0.046875
0 0.011719 0.031250 0.023438 0.062500
0 0.007812 0.021094 0.015625 0.042188
0 0.010156 0.025000 0.020313 0.050000
0 0.010937 0.025781 0.021875 0.050781
0 0.013281 0.028125 0.025781 0.056250
0 0.010937 0.025781 0.021094 0.050781
0 0.007812 0.027344 0.014844 0.054688
0 0.009375 0.028125 0.018750 0.055469
0 0.007031 0.020313 0.013281 0.040625
0 0.009375 0.021094 0.018750 0.041406
0 0.008594 0.019531 0.017188 0.038281
0 0.009375 0.018750 0.018750 0.036719
0 0.007031 0.020313 0.014063 0.040625
