0 0.007031 0.007812 0.014063 0.015625
0 0.006250 0.009375 0.012500 0.017969
0 0.003906 0.008594 0.007812 0.017188
0 0.003125 0.011719 0.006250 0.023438
0 0.004687 0.012500 0.009375 0.025000
0 0.005469 0.011719 0.010937 0.023438
0 0.006250 0.014063 0.012500 0.028125
0 0.007812 0.011719 0.015625 0.023438
0 0.007812 0.011719 0.014844 0.023438
0 0.007031 0.013281 0.014063 0.026562
0 0.006250 0.007812 0.011719 0.015625
0 0.007031 0.010937 0.014063 0.021875
0 0.005469 0.010156 0.010156 0.020313
0 0.003906 0.010937 0.007031 0.021094
0 0.005469 0.010156 0.010937 0.020313
0 0.008594 0.015625 0.016406 0.030469
0 0.003125 0.018750 0.006250 0.036719
0 0.004687 0.023438 0.009375 0.046875
0 0.003906 0.018750 0.007812 0.036719
0 0.006250 0.025781 0.011719 0.051562
0 0.004687 0.024219 0.009375 0.048438
0 0.004687 0.007031 0.009375 0.014063
0 0.003906 0.005469 0.007812 0.010937
0 0.004687 0.004687 0.009375 0.009375
0 0.005469 0.014063 0.010156 0.028125
0 0.004687 0.011719 0.009375 0.023438
0 0.003906 0.012500 0.007812 0.025000
0 0.004687 0.010937 0.008594 0.021875
0 0.006250 0.004687 0.012500 0.009375
0 0.003906 0.025781 0.007812 0.050781
0 0.003906 0.024219 0.007031 0.048438
0 0.004687 0.020313 0.009375 0.040625
0 0.002344 0.023438 0.004687 0.046875
0 0.003906 0.017969 0.007812 0.035937
0 0.002344 0.021094 0.004687 0.042188
0 0.003906 0.021875 0.007031 0.043750
0 0.004687 0.026562 0.009375 0.053125
0 0.003125 0.020313 0.006250 0.040625
0 0.003125 0.019531 0.005469 0.039062
0 0.003125 0.010156 0.005469 0.020313
0 0.002344 0.014844 0.004687 0.029687
0 0.002344 0.019531 0.004687 0.039062
0 0.004687 0.022656 0.009375 0.045312
0 0.004687 0.020313 0.008594 0.040625
0 0.003906 0.020313 0.007812 0.040625
0 0.005469 0.021094 0.010937 0.042188
0 0.003906 0.015625 0.007812 0.031250
0 0.003906 0.014844 0.007031 0.028906
0 0.004687 0.014844 0.009375 0.029687
0 0.008594 0.025781 0.016406 0.051562
0 0.008594 0.007031 0.017188 0.013281
0 0.006250 0.006250 0.012500 0.012500
0 0.004687 0.014063 0.009375 0.028125
0 0.004687 0.010937 0.009375 0.021094
0 0.004687 0.010937 0.009375 0.021875
0 0.004687 0.009375 0.009375 0.018750
0 0.003906 0.010156 0.007812 0.020313
0 0.003906 0.011719 0.007812 0.023438
0 0.006250 0.007031 0.012500 0.013281
0 0.003125 0.014844 0.006250 0.029687
0 0.003125 0.014063 0.006250 0.028125
0 0.004687 0.014063 0.008594 0.028125
0 0.003906 0.013281 0.007812 0.026562
0 0.004687 0.015625 0.009375 0.031250
0 0.003125 0.008594 0.006250 0.017188
0 0.003125 0.012500 0.005469 0.024219
0 0.002344 0.008594 0.003906 0.017188
0 0.003125 0.011719 0.005469 0.023438
0 0.009375 0.014063 0.018750 0.028125
0 0.010937 0.009375 0.021875 0.017969
0 0.009375 0.012500 0.018750 0.025000
0 0.002344 0.010937 0.003906 0.021875
0 0.003125 0.016406 0.006250 0.032813
0 0.005469 0.007031 0.010937 0.014063
0 0.007812 0.007812 0.014844 0.015625
0 0.007812 0.007031 0.015625 0.014063
0 0.007812 0.007812 0.015625 0.015625
0 0.007031 0.007031 0.014063 0.014063
0 0.008594 0.010156 0.017188 0.019531
0 0.008594 0.007812 0.017188 0.015625
0 0.007031 0.008594 0.014063 0.016406
0 0.005469 0.007812 0.010937 0.015625
0 0.008594 0.007031 0.017188 0.014063
0 0.003125 0.017188 0.006250 0.034375
0 0.008594 0.010156 0.017188 0.020313
0 0.007812 0.009375 0.014844 0.017969
0 0.007812 0.010156 0.014844 0.020313
0 0.006250 0.014844 0.011719 0.029687
0 0.005469 0.004687 0.010937 0.008594
0 0.007812 0.005469 0.015625 0.010937
0 0.007031 0.008594 0.014063 0.017188
0 0.007031 0.011719 0.014063 0.023438
0 0.006250 0.010937 0.012500 0.021875
0 0.005469 0.006250 0.010937 0.011719
0 0.007812 0.009375 0.014844 0.018750
0 0.008594 0.015625 0.017188 0.031250
0 0.007031 0.014844 0.014063 0.029687
0 0.010156 0.017969 0.020313 0.035937
0 0.005469 0.011719 0.010937 0.022656
0 0.010156 0.016406 0.019531 0.032031
0 0.003125 0.010156 0.006250 0.020313
0 0.006250 0.012500 0.011719 0.025000
0 0.004687 0.006250 0.009375 0.012500
0 0.003125 0.007812 0.005469 0.015625
0 0.003906 0.009375 0.007812 0.018750
0 0.002344 0.010156 0.004687 0.020313
0 0.003125 0.010937 0.005469 0.021875
0 0.003906 0.007812 0.007812 0.015625
0 0.003906 0.010937 0.007812 0.021875
0 0.006250 0.010156 0.011719 0.020313
0 0.002344 0.008594 0.004687 0.017188
0 0.003906 0.019531 0.007812 0.039062
0 0.003125 0.021875 0.006250 0.043750
0 0.003125 0.021094 0.006250 0.042188
0 0.007812 0.013281 0.015625 0.026562
0 0.002344 0.015625 0.004687 0.031250
0 0.003906 0.014844 0.007031 0.029687
0 0.003125 0.016406 0.006250 0.032031
0 0.002344 0.017188 0.004687 0.034375
0 0.002344 0.012500 0.004687 0.025000
0 0.003125 0.014063 0.006250 0.027344
0 0.001563 0.010156 0.003125 0.020313
0 0.003906 0.013281 0.007812 0.025781
0 0.003125 0.013281 0.006250 0.026562
0 0.004687 0.010156 0.009375 0.020313
0 0.007031 0.020313 0.014063 0.039844
0 0.007812 0.022656 0.014844 0.045312
0 0.007031 0.016406 0.014063 0.032813
0 0.008594 0.014844 0.017188 0.029687
0 0.006250 0.009375 0.011719 0.017969
0 0.007812 0.007031 0.014844 0.014063
0 0.006250 0.010937 0.011719 0.021094
0 0.006250 0.011719 0.012500 0.023438
0 0.007031 0.006250 0.014063 0.012500
0 0.007031 0.010156 0.014063 0.020313
0 0.006250 0.007031 0.011719 0.014063
0 0.002344 0.023438 0.003906 0.046875
0 0.004687 0.007812 0.009375 0.015625
0 0.004687 0.007812 0.008594 0.015625
0 0.003125 0.007031 0.006250 0.013281
0 0.005469 0.008594 0.010937 0.017188
0 0.005469 0.014844 0.010937 0.029687
0 0.005469 0.013281 0.010937 0.026562
0 0.003906 0.012500 0.007031 0.025000
0 0.003906 0.014063 0.007812 0.028125
0 0.002344 0.020313 0.003906 0.039844
0 0.012500 0.010937 0.025000 0.021875
0 0.003906 0.025000 0.007031 0.049219
0 0.003906 0.006250 0.007812 0.012500
0 0.008594 0.013281 0.017188 0.026562
0 0.005469 0.013281 0.010156 0.026562
0 0.003906 0.004687 0.007031 0.009375
0 0.003125 0.005469 0.006250 0.010937
0 0.003906 0.017188 0.007031 0.033594
0 0.003125 0.022656 0.006250 0.044531
0 0.003125 0.024219 0.006250 0.048438
0 0.003906 0.025781 0.007812 0.051562
0 0.007031 0.013281 0.014063 0.025781
0 0.007812 0.027344 0.015625 0.054688
0 0.005469 0.021875 0.010937 0.043750
0 0.003906 0.024219 0.007812 0.048438
0 0.005469 0.022656 0.010937 0.045312
0 0.005469 0.019531 0.010156 0.039062
0 0.005469 0.021875 0.010156 0.042969
0 0.006250 0.010156 0.012500 0.020313
0 0.003125 0.010937 0.006250 0.021875
0 0.006250 0.006250 0.012500 0.011719
0 0.004687 0.005469 0.009375 0.010937
0 0.003906 0.022656 0.007812 0.045312
0 0.005469 0.025000 0.010937 0.050000
0 0.009375 0.011719 0.018750 0.023438
0 0.005469 0.014063 0.010156 0.027344
0 0.003125 0.017969 0.006250 0.035937
