0 0.014063 0.010937 0.028125 0.021875
0 0.007031 0.010937 0.014063 0.021875
0 0.003906 0.020313 0.007031 0.040625
0 0.007812 0.010937 0.014844 0.021875
0 0.007031 0.025000 0.014063 0.050000
0 0.010156 0.064844 0.019531 0.129688
0 0.006250 0.024219 0.012500 0.048438
0 0.003906 0.017969 0.007031 0.035937
0 0.010156 0.010156 0.020313 0.019531
0 0.007812 0.034375 0.015625 0.068750
0 0.004687 0.025000 0.009375 0.050000
0 0.005469 0.023438 0.010156 0.046875
0 0.008594 0.021094 0.017188 0.042188
0 0.009375 0.023438 0.018750 0.046094
0 0.009375 0.024219 0.018750 0.048438
0 0.007812 0.023438 0.015625 0.046875
0 0.005469 0.017969 0.010937 0.035937
0 0.005469 0.018750 0.010937 0.036719
0 0.005469 0.017188 0.010937 0.034375
0 0.006250 0.017969 0.011719 0.035156
0 0.007812 0.016406 0.014844 0.032813
0 0.007031 0.014844 0.014063 0.029687
0 0.005469 0.018750 0.010937 0.037500
0 0.006250 0.011719 0.012500 0.023438
0 0.010937 0.037500 0.021875 0.074219
0 0.005469 0.023438 0.010156 0.046094
0 0.005469 0.025000 0.010937 0.049219
0 0.006250 0.023438 0.012500 0.046094
0 0.010156 0.017969 0.020313 0.035937
0 0.006250 0.023438 0.011719 0.046094
0 0.005469 0.025781 0.010156 0.051562
0 0.005469 0.025000 0.010156 0.050000
0 0.005469 0.025000 0.010937 0.050000
0 0.005469 0.025000 0.010156 0.049219
0 0.006250 0.010156 0.011719 0.020313
0 0.005469 0.021875 0.010937 0.043750
0 0.006250 0.025781 0.011719 0.051562
0 0.003906 0.017969 0.007031 0.035156
0 0.007031 0.018750 0.014063 0.037500
0 0.006250 0.023438 0.012500 0.046875
0 0.011719 0.050000 0.022656 0.099219
0 0.004687 0.012500 0.009375 0.025000
0 0.005469 0.026562 0.010937 0.052344
0 0.006250 0.025781 0.011719 0.050781
0 0.010937 0.015625 0.021875 0.031250
0 0.011719 0.014844 0.023438 0.029687
0 0.010156 0.014844 0.020313 0.029687
0 0.010156 0.013281 0.020313 0.026562
0 0.003125 0.024219 0.006250 0.048438
0 0.003125 0.023438 0.006250 0.046875
0 0.006250 0.021875 0.012500 0.043750
0 0.006250 0.021094 0.012500 0.042188
0 0.007812 0.022656 0.015625 0.044531
0 0.007031 0.022656 0.014063 0.045312
0 0.010937 0.014844 0.021875 0.029687
0 0.010937 0.014063 0.021875 0.028125
0 0.010937 0.013281 0.021875 0.026562
0 0.010937 0.013281 0.021094 0.026562
0 0.005469 0.014844 0.010156 0.028906
0 0.005469 0.019531 0.010937 0.039062
0 0.008594 0.034375 0.017188 0.068750
0 0.006250 0.034375 0.012500 0.068750
0 0.009375 0.035937 0.017969 0.071094
0 0.007812 0.033594 0.015625 0.067187
0 0.007812 0.032813 0.015625 0.065625
0 0.006250 0.035156 0.012500 0.070312
0 0.003125 0.014063 0.006250 0.028125
0 0.003125 0.014844 0.006250 0.029687
0 0.003906 0.005469 0.007812 0.010937
0 0.003125 0.006250 0.006250 0.011719
0 0.003906 0.022656 0.007031 0.045312
0 0.003906 0.018750 0.007812 0.037500
0 0.004687 0.007812 0.009375 0.015625
0 0.003906 0.027344 0.007812 0.054688
0 0.006250 0.032813 0.012500 0.065625
0 0.006250 0.028906 0.012500 0.057813
0 0.005469 0.023438 0.010937 0.046875
0 0.008594 0.023438 0.017188 0.046094
0 0.007812 0.035156 0.015625 0.070312
0 0.007812 0.032813 0.015625 0.064844
0 0.005469 0.032031 0.010937 0.063281
0 0.008594 0.033594 0.016406 0.067187
0 0.006250 0.026562 0.011719 0.053125
0 0.007031 0.033594 0.014063 0.067187
0 0.007031 0.032031 0.014063 0.063281
0 0.008594 0.036719 0.017188 0.073438
0 0.007812 0.017188 0.015625 0.034375
0 0.007812 0.019531 0.015625 0.039062
0 0.004687 0.031250 0.009375 0.062500
0 0.004687 0.035937 0.009375 0.071094
0 0.004687 0.033594 0.009375 0.067187
0 0.009375 0.021875 0.018750 0.043750
0 0.007812 0.031250 0.014844 0.061719
0 0.006250 0.025781 0.012500 0.051562
0 0.007031 0.029687 0.014063 0.059375
0 0.006250 0.028125 0.011719 0.055469
0 0.011719 0.052344 0.022656 0.104688
0 0.008594 0.007812 0.017188 0.015625
0 0.007812 0.021094 0.015625 0.042188
0 0.007812 0.021875 0.015625 0.043750
0 0.008594 0.024219 0.017188 0.047656
0 0.010156 0.023438 0.019531 0.046875
0 0.007812 0.021875 0.015625 0.042969
0 0.005469 0.022656 0.010937 0.045312
0 0.007031 0.028125 0.014063 0.056250
0 0.008594 0.023438 0.017188 0.046875
0 0.010937 0.014063 0.021875 0.027344
0 0.007812 0.028906 0.015625 0.057813
0 0.005469 0.028125 0.010937 0.056250
0 0.006250 0.029687 0.012500 0.059375
0 0.006250 0.029687 0.011719 0.058594
0 0.003906 0.023438 0.007812 0.046875
0 0.006250 0.024219 0.011719 0.048438
0 0.004687 0.024219 0.009375 0.048438
0 0.004687 0.023438 0.009375 0.046875
0 0.003906 0.022656 0.007812 0.045312
0 0.002344 0.018750 0.004687 0.037500
0 0.003906 0.012500 0.007812 0.025000
0 0.003125 0.021875 0.006250 0.043750
0 0.003125 0.023438 0.006250 0.046094
0 0.003906 0.021094 0.007812 0.042188
0 0.003906 0.023438 0.007812 0.046094
0 0.008594 0.019531 0.017188 0.038281
0 0.003125 0.019531 0.005469 0.038281
0 0.006250 0.026562 0.011719 0.052344
