0 0.018750 0.011719 0.037500 0.023438
0 0.017188 0.011719 0.034375 0.023438
0 0.014844 0.017969 0.028906 0.035937
0 0.010937 0.017188 0.021094 0.034375
0 0.015625 0.020313 0.030469 0.040625
0 0.017969 0.021875 0.035156 0.043750
0 0.006250 0.016406 0.012500 0.032813
0 0.008594 0.027344 0.017188 0.054688
0 0.012500 0.012500 0.025000 0.025000
0 0.008594 0.028125 0.017188 0.056250
0 0.012500 0.014063 0.024219 0.028125
0 0.016406 0.017188 0.032813 0.034375
0 0.007031 0.020313 0.014063 0.040625
0 0.007031 0.012500 0.014063 0.025000
0 0.008594 0.018750 0.016406 0.037500
0 0.005469 0.018750 0.010937 0.037500
0 0.013281 0.013281 0.025781 0.026562
0 0.006250 0.017969 0.012500 0.035937
0 0.013281 0.021094 0.026562 0.042188
0 0.015625 0.010937 0.030469 0.021875
0 0.011719 0.014844 0.022656 0.029687
0 0.014063 0.010156 0.027344 0.020313
0 0.007031 0.023438 0.014063 0.046875
0 0.010156 0.022656 0.020313 0.045312
0 0.010156 0.018750 0.019531 0.036719
0 0.003906 0.014063 0.007812 0.028125
0 0.003125 0.020313 0.006250 0.040625
0 0.005469 0.023438 0.010156 0.046875
0 0.004687 0.021094 0.008594 0.042188
0 0.005469 0.008594 0.010937 0.017188
0 0.004687 0.014844 0.009375 0.029687
0 0.013281 0.012500 0.026562 0.025000
0 0.005469 0.014844 0.010937 0.029687
0 0.013281 0.039844 0.025781 0.079687
0 0.005469 0.017188 0.010156 0.034375
0 0.011719 0.017188 0.023438 0.034375
0 0.009375 0.017188 0.018750 0.034375
0 0.007031 0.016406 0.014063 0.032813
0 0.010937 0.017969 0.021875 0.035937
0 0.014844 0.010937 0.029687 0.021875
0 0.013281 0.010156 0.026562 0.020313
0 0.014063 0.012500 0.027344 0.025000
0 0.007812 0.017188 0.015625 0.034375
0 0.006250 0.009375 0.012500 0.018750
0 0.007031 0.009375 0.014063 0.017969
0 0.010156 0.008594 0.020313 0.017188
0 0.010937 0.017969 0.021094 0.035937
0 0.007812 0.019531 0.015625 0.039062
0 0.011719 0.007812 0.023438 0.015625
0 0.010937 0.007812 0.021875 0.015625
0 0.014063 0.009375 0.028125 0.018750
0 0.013281 0.010156 0.025781 0.020313
0 0.010937 0.007031 0.021094 0.014063
0 0.008594 0.007812 0.017188 0.015625
0 0.010937 0.010156 0.021875 0.020313
0 0.011719 0.012500 0.023438 0.024219
0 0.010156 0.007812 0.019531 0.015625
0 0.009375 0.006250 0.017969 0.012500
0 0.013281 0.008594 0.026562 0.017188
0 0.012500 0.009375 0.024219 0.018750
0 0.011719 0.007031 0.022656 0.014063
0 0.011719 0.006250 0.022656 0.012500
0 0.017188 0.010937 0.034375 0.021875
0 0.016406 0.011719 0.032031 0.023438
0 0.014844 0.010156 0.029687 0.020313
0 0.014063 0.009375 0.027344 0.018750
0 0.009375 0.007031 0.018750 0.014063
0 0.013281 0.011719 0.025781 0.023438
0 0.008594 0.023438 0.016406 0.046875
0 0.013281 0.010937 0.025781 0.021875
0 0.011719 0.008594 0.022656 0.017188
0 0.010937 0.017188 0.021875 0.034375
0 0.012500 0.011719 0.024219 0.023438
0 0.010156 0.015625 0.019531 0.030469
0 0.009375 0.009375 0.018750 0.018750
0 0.014844 0.009375 0.028906 0.018750
0 0.014063 0.007031 0.027344 0.014063
0 0.017188 0.010156 0.033594 0.020313
0 0.016406 0.010937 0.032813 0.021875
0 0.003906 0.007031 0.007812 0.014063
0 0.008594 0.008594 0.017188 0.017188
0 0.012500 0.009375 0.025000 0.018750
0 0.011719 0.006250 0.023438 0.011719
0 0.012500 0.009375 0.024219 0.017969
0 0.013281 0.009375 0.025781 0.018750
0 0.006250 0.015625 0.012500 0.031250
0 0.009375 0.009375 0.017969 0.017969
0 0.009375 0.008594 0.018750 0.017188
0 0.010937 0.013281 0.021875 0.026562
0 0.012500 0.007031 0.025000 0.014063
0 0.008594 0.006250 0.017188 0.012500
0 0.013281 0.010937 0.026562 0.021875
0 0.007812 0.012500 0.014844 0.025000
0 0.012500 0.010937 0.025000 0.021875
0 0.008594 0.018750 0.017188 0.037500
0 0.007031 0.024219 0.014063 0.048438
0 0.010156 0.007031 0.020313 0.014063
0 0.010156 0.008594 0.019531 0.017188
0 0.014063 0.007031 0.028125 0.014063
0 0.014844 0.007812 0.029687 0.015625
0 0.017188 0.012500 0.033594 0.025000
0 0.014844 0.008594 0.029687 0.017188
0 0.007812 0.023438 0.014844 0.046875
0 0.011719 0.010156 0.023438 0.020313
0 0.014063 0.011719 0.028125 0.023438
0 0.010156 0.007812 0.020313 0.015625
0 0.010937 0.008594 0.021094 0.017188
0 0.011719 0.020313 0.022656 0.039844
0 0.017969 0.008594 0.035156 0.017188
0 0.010937 0.006250 0.021875 0.012500
0 0.010937 0.007031 0.021875 0.014063
0 0.011719 0.009375 0.023438 0.018750
0 0.012500 0.010156 0.024219 0.020313
0 0.013281 0.010937 0.026562 0.021094
0 0.014063 0.010156 0.028125 0.020313
0 0.014844 0.011719 0.029687 0.023438
0 0.006250 0.020313 0.012500 0.040625
0 0.014063 0.010937 0.027344 0.021875
0 0.012500 0.008594 0.025000 0.017188
0 0.010937 0.009375 0.021094 0.017969
0 0.009375 0.016406 0.018750 0.032813
0 0.008594 0.021875 0.016406 0.043750
0 0.007812 0.020313 0.015625 0.040625
0 0.007812 0.021875 0.015625 0.043750
0 0.007031 0.021875 0.014063 0.043750
0 0.010156 0.015625 0.019531 0.031250
0 0.009375 0.017969 0.018750 0.035937
0 0.012500 0.007812 0.024219 0.015625
0 0.012500 0.006250 0.025000 0.012500
0 0.011719 0.007031 0.023438 0.014063
0 0.012500 0.007812 0.025000 0.015625
0 0.013281 0.007812 0.026562 0.015625
0 0.015625 0.009375 0.031250 0.018750
0 0.015625 0.010937 0.031250 0.021875
0 0.014063 0.013281 0.028125 0.026562
0 0.019531 0.012500 0.039062 0.025000
0 0.014844 0.011719 0.028906 0.023438
0 0.010156 0.012500 0.019531 0.025000
0 0.011719 0.010937 0.022656 0.021094
0 0.014063 0.010937 0.028125 0.021875
0 0.011719 0.009375 0.022656 0.018750
0 0.012500 0.010156 0.025000 0.020313
0 0.006250 0.018750 0.012500 0.037500
0 0.020313 0.011719 0.040625 0.023438
0 0.015625 0.010156 0.031250 0.020313
0 0.015625 0.010156 0.030469 0.020313
0 0.016406 0.012500 0.032813 0.025000
0 0.014844 0.010156 0.028906 0.020313
0 0.014844 0.009375 0.029687 0.018750
0 0.013281 0.009375 0.026562 0.018750
0 0.013281 0.007031 0.026562 0.014063
