0 0.003906 0.024219 0.007812 0.048438
0 0.003906 0.022656 0.007812 0.045312
0 0.005469 0.024219 0.010937 0.048438
0 0.005469 0.023438 0.010937 0.046875
0 0.006250 0.025000 0.012500 0.050000
0 0.006250 0.025781 0.012500 0.051562
0 0.004687 0.025000 0.009375 0.050000
0 0.006250 0.028125 0.012500 0.056250
0 0.007031 0.028906 0.014063 0.057813
0 0.007031 0.028125 0.014063 0.056250
0 0.008594 0.017188 0.016406 0.033594
0 0.007812 0.014063 0.015625 0.028125
0 0.007812 0.013281 0.015625 0.025781
0 0.004687 0.023438 0.009375 0.046875
0 0.009375 0.028125 0.017969 0.056250
0 0.003125 0.011719 0.006250 0.023438
0 0.003125 0.022656 0.006250 0.045312
0 0.003906 0.014063 0.007812 0.028125
0 0.007812 0.028906 0.015625 0.057813
0 0.003125 0.014063 0.006250 0.028125
0 0.006250 0.016406 0.011719 0.032031
0 0.003906 0.015625 0.007812 0.031250
0 0.003906 0.014844 0.007812 0.029687
0 0.004687 0.014844 0.009375 0.029687
0 0.004687 0.031250 0.009375 0.062500
0 0.005469 0.025781 0.010156 0.050781
0 0.003906 0.026562 0.007812 0.052344
0 0.006250 0.031250 0.011719 0.062500
0 0.004687 0.030469 0.009375 0.060937
0 0.003906 0.030469 0.007031 0.060937
0 0.004687 0.032031 0.009375 0.063281
0 0.006250 0.032031 0.011719 0.064062
0 0.004687 0.021875 0.009375 0.042969
0 0.007031 0.012500 0.014063 0.025000
0 0.004687 0.020313 0.009375 0.040625
0 0.002344 0.021094 0.004687 0.042188
0 0.005469 0.021875 0.010156 0.043750
0 0.003906 0.010937 0.007812 0.021875
0 0.005469 0.024219 0.010156 0.048438
0 0.003125 0.017188 0.006250 0.034375
0 0.003906 0.017188 0.007812 0.034375
0 0.004687 0.017188 0.009375 0.034375
0 0.003906 0.018750 0.007031 0.036719
0 0.006250 0.021094 0.012500 0.042188
0 0.006250 0.014844 0.012500 0.029687
0 0.006250 0.010937 0.012500 0.021875
0 0.005469 0.025000 0.010937 0.050000
0 0.005469 0.025781 0.010937 0.051562
0 0.006250 0.026562 0.011719 0.052344
0 0.006250 0.027344 0.011719 0.053906
0 0.005469 0.028125 0.010156 0.056250
0 0.005469 0.026562 0.010937 0.053125
0 0.003125 0.017969 0.006250 0.035937
0 0.007812 0.032813 0.015625 0.065625
0 0.007812 0.031250 0.015625 0.062500
0 0.006250 0.021875 0.011719 0.043750
0 0.007812 0.023438 0.015625 0.046875
0 0.009375 0.025000 0.017969 0.049219
0 0.009375 0.024219 0.018750 0.048438
0 0.024219 0.014844 0.047656 0.029687
0 0.008594 0.017969 0.017188 0.035156
0 0.009375 0.018750 0.018750 0.037500
0 0.010156 0.020313 0.020313 0.040625
0 0.006250 0.030469 0.012500 0.060937
0 0.003906 0.020313 0.007812 0.040625
0 0.005469 0.022656 0.010937 0.045312
0 0.007812 0.014844 0.014844 0.029687
0 0.007812 0.029687 0.015625 0.059375
0 0.009375 0.031250 0.018750 0.062500
0 0.010156 0.032813 0.020313 0.064844
0 0.008594 0.036719 0.016406 0.073438
0 0.009375 0.037500 0.018750 0.074219
0 0.008594 0.036719 0.017188 0.072656
0 0.007031 0.035937 0.014063 0.071875
0 0.003906 0.030469 0.007812 0.060937
0 0.003906 0.031250 0.007031 0.062500
0 0.004687 0.027344 0.009375 0.054688
0 0.005469 0.030469 0.010937 0.060937
0 0.004687 0.026562 0.009375 0.053125
0 0.003906 0.027344 0.007812 0.053906
0 0.004687 0.028125 0.009375 0.056250
0 0.006250 0.025781 0.012500 0.050781
0 0.007031 0.028906 0.013281 0.057813
0 0.007031 0.029687 0.014063 0.059375
0 0.008594 0.029687 0.016406 0.059375
0 0.007031 0.032031 0.014063 0.063281
0 0.012500 0.021094 0.025000 0.042188
0 0.014063 0.021094 0.028125 0.042188
0 0.016406 0.023438 0.032813 0.046094
0 0.008594 0.012500 0.016406 0.025000
0 0.009375 0.011719 0.017969 0.023438
0 0.008594 0.012500 0.017188 0.025000
0 0.007031 0.013281 0.014063 0.026562
0 0.009375 0.013281 0.018750 0.026562
0 0.010156 0.013281 0.020313 0.026562
0 0.010937 0.013281 0.021875 0.026562
0 0.010937 0.015625 0.021875 0.031250
0 0.010937 0.014063 0.021875 0.028125
0 0.014063 0.012500 0.028125 0.025000
0 0.008594 0.014063 0.016406 0.028125
0 0.012500 0.014844 0.025000 0.029687
0 0.014844 0.017188 0.029687 0.034375
0 0.023438 0.035937 0.046094 0.071875
0 0.014844 0.040625 0.029687 0.081250
0 0.020313 0.032813 0.040625 0.065625
0 0.035937 0.017188 0.071875 0.033594
0 0.030469 0.011719 0.060156 0.023438
0 0.028906 0.012500 0.057813 0.025000
0 0.014844 0.021094 0.029687 0.042188
0 0.007031 0.010156 0.014063 0.020313
0 0.013281 0.013281 0.026562 0.026562
0 0.007812 0.016406 0.015625 0.032031
0 0.012500 0.014844 0.024219 0.028906
0 0.007031 0.021094 0.014063 0.042188
0 0.006250 0.023438 0.011719 0.046875
0 0.006250 0.024219 0.012500 0.048438
0 0.012500 0.022656 0.024219 0.045312
0 0.007031 0.023438 0.014063 0.046875
0 0.007812 0.027344 0.015625 0.053906
0 0.007812 0.025781 0.014844 0.050781
0 0.007812 0.027344 0.015625 0.054688
0 0.008594 0.027344 0.016406 0.053906
0 0.030469 0.032031 0.060937 0.064062
0 0.014844 0.042188 0.029687 0.084375
0 0.022656 0.014844 0.045312 0.029687
0 0.007812 0.017188 0.014844 0.034375
0 0.011719 0.041406 0.023438 0.082031
0 0.004687 0.022656 0.009375 0.045312
0 0.007812 0.017188 0.015625 0.034375
0 0.010156 0.019531 0.020313 0.039062
0 0.008594 0.016406 0.017188 0.032813
0 0.010156 0.018750 0.020313 0.037500
0 0.016406 0.020313 0.032813 0.040625
0 0.004687 0.021875 0.009375 0.043750
0 0.007031 0.018750 0.014063 0.036719
0 0.009375 0.017969 0.017969 0.035156
