0 0.019531 0.006250 0.039062 0.012500
0 0.022656 0.014844 0.045312 0.029687
0 0.014063 0.007031 0.027344 0.014063
0 0.008594 0.006250 0.016406 0.012500
0 0.021875 0.008594 0.043750 0.016406
0 0.019531 0.008594 0.039062 0.016406
0 0.009375 0.003125 0.018750 0.006250
0 0.016406 0.007812 0.032813 0.015625
0 0.021094 0.006250 0.042188 0.012500
0 0.021094 0.005469 0.042188 0.010937
0 0.003906 0.024219 0.007812 0.048438
0 0.020313 0.005469 0.040625 0.010937
0 0.022656 0.006250 0.045312 0.012500
0 0.013281 0.007812 0.026562 0.015625
0 0.014844 0.007031 0.029687 0.014063
0 0.015625 0.007031 0.031250 0.014063
0 0.011719 0.046875 0.022656 0.092969
0 0.012500 0.006250 0.025000 0.011719
0 0.015625 0.007812 0.030469 0.015625
0 0.015625 0.007812 0.030469 0.014844
0 0.020313 0.006250 0.040625 0.012500
0 0.017188 0.007031 0.034375 0.014063
0 0.017188 0.007812 0.033594 0.014844
0 0.022656 0.008594 0.045312 0.017188
0 0.025781 0.007031 0.051562 0.014063
0 0.008594 0.056250 0.017188 0.112500
0 0.019531 0.005469 0.039062 0.010937
0 0.018750 0.003906 0.037500 0.007812
0 0.015625 0.010156 0.031250 0.020313
0 0.015625 0.007812 0.031250 0.015625
0 0.014063 0.003906 0.028125 0.007812
0 0.021875 0.008594 0.043750 0.017188
0 0.021094 0.004687 0.042188 0.008594
0 0.021875 0.009375 0.043750 0.018750
0 0.021094 0.007031 0.042188 0.014063
0 0.021875 0.010156 0.043750 0.020313
0 0.023438 0.007812 0.046875 0.015625
0 0.018750 0.008594 0.037500 0.017188
0 0.005469 0.004687 0.010937 0.009375
0 0.018750 0.006250 0.037500 0.012500
0 0.018750 0.004687 0.037500 0.009375
0 0.017969 0.003906 0.035937 0.007812
0 0.019531 0.004687 0.039062 0.009375
0 0.021094 0.007031 0.041406 0.014063
0 0.015625 0.006250 0.031250 0.012500
0 0.017969 0.004687 0.035937 0.009375
0 0.017969 0.006250 0.035156 0.012500
0 0.008594 0.006250 0.017188 0.012500
0 0.008594 0.007812 0.017188 0.015625
0 0.012500 0.006250 0.024219 0.011719
0 0.012500 0.006250 0.025000 0.012500
0 0.010156 0.006250 0.020313 0.012500
0 0.010937 0.006250 0.021875 0.011719
0 0.025781 0.007812 0.051562 0.014844
0 0.014844 0.007812 0.029687 0.015625
0 0.025781 0.008594 0.050781 0.017188
0 0.005469 0.024219 0.010156 0.048438
0 0.009375 0.021875 0.018750 0.043750
0 0.007812 0.021094 0.015625 0.041406
0 0.006250 0.008594 0.012500 0.017188
0 0.015625 0.008594 0.031250 0.017188
0 0.014844 0.007812 0.028906 0.014844
0 0.015625 0.003906 0.031250 0.007812
0 0.022656 0.005469 0.045312 0.010937
0 0.003906 0.024219 0.007031 0.048438
0 0.005469 0.009375 0.010937 0.018750
0 0.025000 0.006250 0.050000 0.012500
0 0.019531 0.005469 0.039062 0.010156
0 0.016406 0.008594 0.032813 0.017188
0 0.006250 0.024219 0.012500 0.048438
0 0.005469 0.024219 0.010937 0.048438
0 0.006250 0.006250 0.012500 0.011719
0 0.006250 0.006250 0.012500 0.012500
0 0.006250 0.007031 0.012500 0.014063
0 0.009375 0.005469 0.018750 0.010937
0 0.009375 0.007031 0.018750 0.014063
0 0.009375 0.007812 0.018750 0.014844
0 0.022656 0.007031 0.045312 0.013281
0 0.014844 0.003906 0.029687 0.007812
0 0.025000 0.007031 0.050000 0.014063
0 0.012500 0.005469 0.025000 0.010937
0 0.003906 0.025781 0.007031 0.051562
0 0.024219 0.005469 0.048438 0.010937
0 0.014844 0.005469 0.029687 0.010937
0 0.014063 0.005469 0.028125 0.010937
0 0.014844 0.003125 0.029687 0.006250
0 0.021875 0.007812 0.043750 0.015625
0 0.014063 0.003906 0.028125 0.007031
0 0.025000 0.008594 0.050000 0.017188
0 0.024219 0.007812 0.048438 0.015625
0 0.025781 0.006250 0.051562 0.012500
0 0.025781 0.006250 0.050781 0.011719
0 0.025000 0.004687 0.050000 0.009375
0 0.011719 0.003906 0.023438 0.007812
0 0.011719 0.002344 0.023438 0.004687
0 0.025781 0.007812 0.050781 0.015625
0 0.025781 0.007812 0.051562 0.015625
0 0.009375 0.004687 0.018750 0.009375
0 0.007812 0.031250 0.014844 0.062500
0 0.008594 0.032813 0.017188 0.065625
0 0.008594 0.036719 0.016406 0.073438
0 0.005469 0.003906 0.010937 0.007812
0 0.007812 0.009375 0.015625 0.018750
0 0.005469 0.008594 0.010937 0.017188
0 0.010937 0.007812 0.021094 0.015625
0 0.023438 0.005469 0.046875 0.010937
0 0.015625 0.007031 0.030469 0.014063
0 0.014063 0.006250 0.028125 0.012500
0 0.022656 0.007031 0.045312 0.014063
0 0.023438 0.006250 0.046875 0.011719
0 0.019531 0.006250 0.039062 0.011719
0 0.017188 0.010156 0.033594 0.020313
0 0.019531 0.007031 0.039062 0.014063
0 0.025781 0.010937 0.051562 0.021875
0 0.024219 0.007031 0.048438 0.014063
0 0.023438 0.008594 0.046875 0.017188
0 0.004687 0.009375 0.009375 0.018750
0 0.011719 0.005469 0.023438 0.010937
0 0.010156 0.029687 0.020313 0.059375
0 0.024219 0.009375 0.048438 0.018750
0 0.010156 0.042969 0.020313 0.085156
0 0.005469 0.032813 0.010937 0.065625
0 0.010937 0.004687 0.021875 0.009375
0 0.005469 0.032031 0.010937 0.064062
0 0.005469 0.026562 0.010937 0.053125
0 0.021875 0.009375 0.043750 0.017969
0 0.019531 0.007812 0.039062 0.015625
0 0.020313 0.007812 0.040625 0.015625
0 0.022656 0.007812 0.045312 0.015625
0 0.003906 0.026562 0.007812 0.053125
0 0.014063 0.003125 0.028125 0.006250
0 0.014844 0.007031 0.028906 0.013281
0 0.007031 0.004687 0.014063 0.009375
0 0.023438 0.007031 0.046094 0.014063
0 0.025000 0.005469 0.050000 0.010937
0 0.007812 0.025000 0.015625 0.050000
0 0.008594 0.025000 0.017188 0.050000
0 0.008594 0.025000 0.016406 0.050000
0 0.025000 0.009375 0.050000 0.018750
0 0.023438 0.010156 0.046094 0.019531
0 0.009375 0.039062 0.018750 0.078125
0 0.010937 0.029687 0.021875 0.059375
0 0.014063 0.039062 0.028125 0.078125
0 0.011719 0.047656 0.023438 0.095312
0 0.006250 0.025781 0.012500 0.051562
0 0.010937 0.028906 0.021875 0.057813
0 0.007031 0.025000 0.014063 0.050000
0 0.006250 0.007812 0.012500 0.014844
0 0.007031 0.007812 0.014063 0.015625
0 0.007812 0.007031 0.014844 0.014063
0 0.013281 0.009375 0.026562 0.018750
0 0.006250 0.025781 0.011719 0.051562
0 0.020313 0.003906 0.040625 0.007812
0 0.020313 0.007031 0.040625 0.014063
0 0.014063 0.009375 0.028125 0.018750
0 0.010156 0.010937 0.020313 0.021875
0 0.006250 0.010156 0.011719 0.020313
0 0.017188 0.007031 0.034375 0.013281
0 0.003906 0.025781 0.007812 0.051562
0 0.026562 0.008594 0.052344 0.017188
0 0.027344 0.010156 0.053906 0.020313
0 0.011719 0.004687 0.023438 0.009375
0 0.014844 0.006250 0.028906 0.011719
0 0.014063 0.007031 0.028125 0.013281
0 0.010156 0.003906 0.020313 0.007812
0 0.013281 0.011719 0.025781 0.023438
0 0.012500 0.005469 0.025000 0.010156
0 0.026562 0.010156 0.053125 0.019531
0 0.021875 0.006250 0.042969 0.011719
0 0.022656 0.009375 0.045312 0.018750
0 0.021094 0.007031 0.042188 0.013281
0 0.006250 0.025000 0.012500 0.050000
0 0.020313 0.005469 0.040625 0.010156
0 0.020313 0.007812 0.040625 0.014844
0 0.018750 0.007031 0.037500 0.014063
0 0.026562 0.010937 0.053125 0.021875
0 0.023438 0.009375 0.046875 0.018750
0 0.025781 0.009375 0.051562 0.018750
0 0.019531 0.014844 0.039062 0.029687
0 0.021875 0.007812 0.043750 0.014844
0 0.004687 0.004687 0.009375 0.009375
