0 0.009375 0.033594 0.017969 0.067187
0 0.011719 0.035937 0.023438 0.071875
0 0.010156 0.037500 0.020313 0.075000
0 0.008594 0.030469 0.017188 0.060937
0 0.011719 0.028125 0.023438 0.056250
0 0.007031 0.022656 0.014063 0.045312
0 0.006250 0.029687 0.011719 0.059375
0 0.007031 0.029687 0.013281 0.059375
0 0.007812 0.007812 0.014844 0.015625
0 0.007031 0.031250 0.013281 0.062500
0 0.004687 0.024219 0.009375 0.048438
0 0.010156 0.036719 0.020313 0.073438
0 0.008594 0.027344 0.017188 0.054688
0 0.010156 0.032031 0.019531 0.064062
0 0.007031 0.026562 0.013281 0.053125
0 0.006250 0.021875 0.012500 0.043750
0 0.006250 0.021875 0.011719 0.043750
0 0.007031 0.021875 0.014063 0.043750
0 0.004687 0.030469 0.009375 0.060937
0 0.007812 0.030469 0.015625 0.060937
0 0.009375 0.032813 0.017969 0.064844
0 0.006250 0.023438 0.012500 0.046094
0 0.006250 0.020313 0.011719 0.039844
0 0.005469 0.021875 0.010937 0.043750
0 0.006250 0.024219 0.012500 0.048438
0 0.006250 0.023438 0.011719 0.046875
0 0.002344 0.017188 0.004687 0.034375
0 0.008594 0.032813 0.017188 0.065625
0 0.007031 0.029687 0.014063 0.059375
0 0.008594 0.028906 0.017188 0.057813
0 0.006250 0.029687 0.012500 0.059375
0 0.010156 0.029687 0.020313 0.059375
0 0.010156 0.031250 0.020313 0.062500
0 0.010937 0.033594 0.021875 0.067187
0 0.009375 0.032031 0.018750 0.064062
0 0.009375 0.030469 0.018750 0.060937
0 0.006250 0.021094 0.011719 0.042188
0 0.006250 0.032031 0.012500 0.064062
0 0.005469 0.021094 0.010937 0.042188
0 0.010156 0.032813 0.020313 0.065625
0 0.008594 0.032031 0.017188 0.064062
0 0.009375 0.034375 0.018750 0.068750
0 0.010156 0.035156 0.020313 0.070312
0 0.010156 0.032813 0.019531 0.065625
0 0.007031 0.032031 0.014063 0.064062
0 0.007031 0.031250 0.014063 0.062500
0 0.009375 0.032813 0.017969 0.065625
0 0.008594 0.031250 0.017188 0.061719
0 0.006250 0.038281 0.011719 0.076563
0 0.006250 0.036719 0.011719 0.073438
0 0.008594 0.036719 0.016406 0.073438
0 0.003125 0.037500 0.006250 0.075000
0 0.006250 0.014844 0.011719 0.029687
0 0.006250 0.015625 0.012500 0.030469
0 0.007031 0.014063 0.014063 0.027344
0 0.007031 0.014063 0.014063 0.028125
0 0.007031 0.014063 0.013281 0.028125
0 0.007031 0.013281 0.014063 0.026562
0 0.005469 0.037500 0.010937 0.075000
0 0.004687 0.031250 0.008594 0.061719
0 0.005469 0.015625 0.010937 0.031250
0 0.006250 0.037500 0.012500 0.075000
0 0.007031 0.025000 0.014063 0.050000
0 0.008594 0.035937 0.016406 0.071875
0 0.005469 0.025000 0.010156 0.050000
0 0.008594 0.025000 0.017188 0.050000
0 0.008594 0.028125 0.017188 0.056250
0 0.007031 0.027344 0.014063 0.054688
0 0.007812 0.028125 0.014844 0.056250
0 0.007031 0.026562 0.014063 0.053125
0 0.009375 0.028125 0.018750 0.055469
0 0.007031 0.030469 0.013281 0.060937
0 0.008594 0.029687 0.017188 0.059375
0 0.012500 0.026562 0.025000 0.053125
0 0.006250 0.028125 0.011719 0.056250
0 0.009375 0.034375 0.017969 0.068750
0 0.011719 0.017188 0.023438 0.034375
0 0.010156 0.022656 0.020313 0.045312
0 0.010156 0.017969 0.020313 0.035937
0 0.017188 0.031250 0.034375 0.062500
0 0.011719 0.026562 0.022656 0.053125
0 0.010937 0.024219 0.021875 0.048438
0 0.003906 0.046094 0.007812 0.092188
0 0.010156 0.046094 0.019531 0.092188
0 0.006250 0.033594 0.012500 0.067187
0 0.005469 0.042188 0.010937 0.084375
0 0.005469 0.039844 0.010937 0.079687
0 0.003906 0.027344 0.007031 0.054688
0 0.017188 0.025781 0.033594 0.051562
0 0.018750 0.030469 0.036719 0.060937
0 0.011719 0.032813 0.022656 0.065625
0 0.007812 0.030469 0.014844 0.060937
0 0.006250 0.034375 0.011719 0.068750
0 0.006250 0.030469 0.012500 0.060937
0 0.007031 0.032813 0.014063 0.065625
0 0.006250 0.031250 0.012500 0.062500
0 0.017969 0.027344 0.035937 0.054688
0 0.014844 0.028125 0.029687 0.056250
0 0.009375 0.035156 0.017969 0.070312
0 0.009375 0.032813 0.018750 0.065625
0 0.010156 0.035937 0.019531 0.071875
0 0.008594 0.006250 0.017188 0.012500
0 0.007812 0.007031 0.014844 0.014063
0 0.007812 0.007812 0.015625 0.015625
0 0.007812 0.008594 0.015625 0.017188
0 0.008594 0.007812 0.016406 0.015625
0 0.006250 0.028125 0.011719 0.055469
0 0.010156 0.035156 0.019531 0.070312
0 0.008594 0.030469 0.016406 0.060937
0 0.007812 0.028125 0.015625 0.056250
0 0.007812 0.028906 0.015625 0.057813
0 0.008594 0.035156 0.016406 0.070312
0 0.007812 0.041406 0.014844 0.082812
0 0.007812 0.035937 0.015625 0.071875
0 0.007031 0.023438 0.014063 0.046875
0 0.006250 0.042188 0.012500 0.084375
0 0.006250 0.029687 0.011719 0.058594
0 0.007031 0.028906 0.013281 0.057813
0 0.006250 0.025000 0.011719 0.049219
0 0.006250 0.039844 0.012500 0.079687
