0 0.017188 0.007812 0.034375 0.015625
0 0.021094 0.009375 0.042188 0.018750
0 0.018750 0.008594 0.037500 0.017188
0 0.019531 0.007031 0.038281 0.014063
0 0.025781 0.023438 0.051562 0.046875
0 0.016406 0.008594 0.032813 0.017188
0 0.027344 0.022656 0.053906 0.044531
0 0.006250 0.009375 0.011719 0.017969
0 0.006250 0.007031 0.011719 0.014063
0 0.006250 0.007812 0.012500 0.015625
0 0.023438 0.009375 0.046875 0.018750
0 0.016406 0.009375 0.032031 0.018750
0 0.025000 0.006250 0.050000 0.012500
0 0.021875 0.021094 0.043750 0.042188
0 0.025781 0.007812 0.051562 0.015625
0 0.021094 0.007812 0.042188 0.015625
0 0.025000 0.010156 0.050000 0.020313
0 0.024219 0.010156 0.048438 0.019531
0 0.024219 0.009375 0.048438 0.017969
0 0.025000 0.010937 0.050000 0.021875
0 0.024219 0.009375 0.048438 0.018750
0 0.023438 0.006250 0.046875 0.012500
0 0.025781 0.010156 0.051562 0.020313
0 0.023438 0.010156 0.046094 0.019531
0 0.022656 0.009375 0.045312 0.018750
0 0.005469 0.010937 0.010937 0.021875
0 0.005469 0.010937 0.010937 0.021094
0 0.021875 0.009375 0.043750 0.018750
0 0.025000 0.011719 0.050000 0.022656
0 0.020313 0.009375 0.040625 0.018750
0 0.003125 0.034375 0.006250 0.068750
0 0.021094 0.007031 0.042188 0.014063
0 0.024219 0.010156 0.048438 0.020313
0 0.014844 0.007812 0.029687 0.015625
0 0.014844 0.008594 0.029687 0.017188
0 0.015625 0.009375 0.031250 0.018750
0 0.024219 0.030469 0.048438 0.060156
0 0.022656 0.023438 0.045312 0.046875
0 0.021094 0.008594 0.042188 0.017188
0 0.021875 0.008594 0.042969 0.017188
0 0.021094 0.008594 0.041406 0.016406
0 0.021875 0.008594 0.043750 0.016406
0 0.021875 0.008594 0.043750 0.017188
0 0.023438 0.010156 0.046875 0.020313
0 0.023438 0.008594 0.046875 0.017188
0 0.021875 0.009375 0.043750 0.017969
0 0.021875 0.009375 0.042969 0.017969
0 0.021875 0.007812 0.043750 0.015625
0 0.021875 0.009375 0.042969 0.018750
0 0.021094 0.008594 0.042188 0.016406
0 0.023438 0.032813 0.046094 0.064844
0 0.024219 0.032031 0.048438 0.064062
0 0.019531 0.010937 0.039062 0.021094
0 0.023438 0.006250 0.046094 0.011719
0 0.019531 0.009375 0.038281 0.018750
0 0.025000 0.029687 0.050000 0.059375
0 0.021875 0.019531 0.043750 0.039062
0 0.021094 0.009375 0.041406 0.017969
0 0.019531 0.008594 0.039062 0.017188
0 0.014844 0.009375 0.029687 0.018750
0 0.023438 0.008594 0.046094 0.017188
0 0.023438 0.009375 0.046875 0.017969
0 0.023438 0.010937 0.046875 0.021875
0 0.025000 0.009375 0.049219 0.018750
0 0.024219 0.007812 0.048438 0.015625
0 0.025000 0.010937 0.050000 0.021094
0 0.025000 0.009375 0.050000 0.018750
0 0.025781 0.009375 0.051562 0.018750
0 0.022656 0.010156 0.045312 0.020313
0 0.023438 0.008594 0.046875 0.016406
0 0.021875 0.010937 0.043750 0.021875
0 0.021094 0.010156 0.042188 0.020313
0 0.022656 0.006250 0.045312 0.012500
0 0.022656 0.008594 0.045312 0.017188
0 0.023438 0.017188 0.046875 0.034375
0 0.025781 0.010156 0.050781 0.019531
0 0.024219 0.007812 0.048438 0.014844
0 0.025000 0.007812 0.050000 0.015625
0 0.010156 0.014844 0.019531 0.028906
0 0.005469 0.007031 0.010156 0.014063
0 0.005469 0.005469 0.010937 0.010937
0 0.005469 0.007812 0.010937 0.015625
0 0.021094 0.008594 0.041406 0.017188
0 0.025781 0.011719 0.051562 0.023438
0 0.021875 0.010156 0.043750 0.019531
0 0.021875 0.007812 0.042969 0.015625
0 0.027344 0.008594 0.054688 0.017188
0 0.027344 0.007812 0.054688 0.015625
0 0.028125 0.010156 0.056250 0.020313
0 0.014063 0.010156 0.028125 0.019531
0 0.013281 0.010937 0.026562 0.021875
0 0.023438 0.034375 0.046094 0.067969
0 0.024219 0.035937 0.048438 0.071094
0 0.006250 0.010156 0.012500 0.020313
0 0.007031 0.007031 0.014063 0.014063
0 0.006250 0.008594 0.012500 0.016406
0 0.020313 0.010156 0.040625 0.020313
0 0.025781 0.010156 0.050781 0.020313
0 0.023438 0.010156 0.046875 0.019531
0 0.011719 0.008594 0.023438 0.017188
0 0.014063 0.007812 0.028125 0.015625
0 0.010156 0.009375 0.020313 0.018750
0 0.011719 0.007812 0.022656 0.014844
0 0.025000 0.010156 0.049219 0.020313
0 0.024219 0.008594 0.048438 0.017188
0 0.023438 0.010937 0.046875 0.021094
0 0.010937 0.009375 0.021094 0.017969
0 0.025781 0.034375 0.051562 0.068750
0 0.007031 0.035156 0.014063 0.070312
