0 0.010937 0.042969 0.021094 0.085938
0 0.009375 0.030469 0.018750 0.060937
0 0.003906 0.047656 0.007812 0.095312
0 0.007812 0.025781 0.015625 0.051562
0 0.008594 0.032031 0.017188 0.064062
0 0.007812 0.033594 0.015625 0.067187
0 0.010937 0.039062 0.021094 0.077344
0 0.008594 0.038281 0.017188 0.076563
0 0.007812 0.038281 0.014844 0.076563
0 0.010156 0.038281 0.020313 0.076563
0 0.012500 0.035937 0.024219 0.071094
0 0.011719 0.038281 0.023438 0.076563
0 0.005469 0.028125 0.010937 0.056250
0 0.007031 0.045312 0.014063 0.090625
0 0.017969 0.035937 0.035937 0.071094
0 0.018750 0.057031 0.037500 0.114062
0 0.017969 0.054688 0.035937 0.108594
0 0.007812 0.035937 0.015625 0.071875
0 0.010156 0.046094 0.020313 0.091406
0 0.014063 0.046875 0.028125 0.092969
0 0.007031 0.030469 0.014063 0.060937
0 0.009375 0.040625 0.018750 0.081250
0 0.003906 0.008594 0.007812 0.017188
0 0.007031 0.027344 0.014063 0.054688
0 0.007031 0.044531 0.014063 0.089063
0 0.014063 0.038281 0.028125 0.075781
0 0.010156 0.036719 0.019531 0.073438
0 0.007812 0.046875 0.015625 0.093750
0 0.012500 0.033594 0.024219 0.067187
0 0.007812 0.040625 0.015625 0.081250
0 0.007031 0.043750 0.014063 0.087500
0 0.003906 0.010156 0.007812 0.020313
0 0.007812 0.022656 0.014844 0.045312
0 0.014063 0.017969 0.027344 0.035937
0 0.006250 0.028906 0.012500 0.057813
0 0.004687 0.018750 0.009375 0.037500
0 0.005469 0.032031 0.010156 0.064062
0 0.006250 0.032813 0.012500 0.065625
0 0.006250 0.028125 0.012500 0.056250
0 0.007031 0.021875 0.014063 0.043750
0 0.007812 0.023438 0.015625 0.046875
0 0.005469 0.037500 0.010156 0.075000
0 0.005469 0.035156 0.010156 0.070312
0 0.004687 0.032031 0.008594 0.064062
0 0.006250 0.033594 0.012500 0.067187
0 0.008594 0.017188 0.017188 0.034375
0 0.011719 0.019531 0.023438 0.039062
0 0.012500 0.023438 0.024219 0.046094
0 0.010937 0.022656 0.021875 0.045312
0 0.010156 0.021875 0.020313 0.043750
0 0.005469 0.010937 0.010937 0.021094
0 0.007812 0.014844 0.014844 0.029687
0 0.003906 0.014844 0.007812 0.029687
0 0.012500 0.012500 0.025000 0.025000
0 0.006250 0.016406 0.012500 0.032813
0 0.006250 0.017188 0.012500 0.034375
0 0.012500 0.016406 0.025000 0.032031
0 0.007031 0.016406 0.014063 0.032813
0 0.004687 0.010937 0.008594 0.021094
0 0.005469 0.010156 0.010937 0.020313
0 0.004687 0.009375 0.009375 0.018750
0 0.005469 0.009375 0.010156 0.017969
0 0.008594 0.017969 0.016406 0.035937
0 0.007812 0.015625 0.015625 0.031250
0 0.007812 0.014063 0.015625 0.028125
0 0.006250 0.027344 0.012500 0.054688
0 0.015625 0.040625 0.031250 0.081250
0 0.009375 0.008594 0.018750 0.017188
0 0.003906 0.013281 0.007812 0.026562
0 0.005469 0.015625 0.010156 0.030469
0 0.005469 0.014063 0.010937 0.028125
0 0.008594 0.016406 0.017188 0.032813
0 0.009375 0.015625 0.018750 0.031250
0 0.007031 0.021094 0.014063 0.042188
0 0.009375 0.016406 0.018750 0.032813
0 0.007812 0.021094 0.015625 0.042188
0 0.010156 0.017969 0.020313 0.035937
0 0.007031 0.025781 0.014063 0.051562
0 0.005469 0.025000 0.010937 0.049219
0 0.007031 0.028125 0.014063 0.056250
0 0.007812 0.014844 0.015625 0.029687
0 0.008594 0.010156 0.017188 0.020313
0 0.010937 0.024219 0.021875 0.048438
0 0.007031 0.009375 0.014063 0.018750
0 0.007812 0.013281 0.015625 0.026562
0 0.007031 0.012500 0.014063 0.024219
0 0.007031 0.013281 0.014063 0.026562
0 0.007812 0.012500 0.015625 0.025000
0 0.005469 0.032031 0.010937 0.064062
0 0.003906 0.015625 0.007812 0.031250
0 0.010156 0.007031 0.020313 0.014063
0 0.003906 0.018750 0.007812 0.036719
0 0.009375 0.007812 0.018750 0.015625
0 0.008594 0.005469 0.017188 0.010937
0 0.007812 0.006250 0.014844 0.012500
0 0.007031 0.008594 0.014063 0.017188
