0 0.009375 0.003125 0.018750 0.005469
0 0.012500 0.003125 0.025000 0.006250
0 0.010937 0.003125 0.021875 0.006250
0 0.007031 0.002344 0.014063 0.003906
0 0.009375 0.003906 0.018750 0.007031
0 0.003125 0.002344 0.006250 0.004687
0 0.004687 0.007031 0.009375 0.014063
0 0.006250 0.006250 0.012500 0.012500
0 0.007031 0.007812 0.014063 0.014844
0 0.004687 0.009375 0.009375 0.018750
0 0.008594 0.020313 0.017188 0.039844
0 0.007812 0.021094 0.014844 0.042188
0 0.014063 0.021875 0.028125 0.043750
0 0.005469 0.010156 0.010937 0.019531
0 0.010156 0.002344 0.020313 0.004687
0 0.008594 0.002344 0.017188 0.004687
0 0.007812 0.002344 0.015625 0.004687
0 0.014063 0.002344 0.028125 0.004687
0 0.009375 0.003125 0.018750 0.006250
0 0.010937 0.003125 0.021875 0.005469
0 0.004687 0.018750 0.009375 0.037500
0 0.010156 0.014063 0.020313 0.028125
0 0.005469 0.015625 0.010937 0.031250
0 0.007812 0.021094 0.015625 0.042188
0 0.009375 0.023438 0.017969 0.046094
0 0.011719 0.025000 0.023438 0.049219
0 0.011719 0.022656 0.023438 0.044531
0 0.010156 0.021094 0.020313 0.042188
0 0.007812 0.003125 0.015625 0.006250
0 0.014844 0.025781 0.029687 0.051562
0 0.010937 0.002344 0.021875 0.004687
0 0.014063 0.026562 0.028125 0.053125
0 0.006250 0.012500 0.012500 0.025000
0 0.014844 0.025781 0.029687 0.050781
0 0.004687 0.008594 0.009375 0.017188
0 0.005469 0.009375 0.010937 0.018750
0 0.004687 0.007812 0.009375 0.015625
0 0.003125 0.010156 0.006250 0.020313
0 0.007031 0.010156 0.014063 0.020313
0 0.003906 0.011719 0.007812 0.023438
0 0.008594 0.010156 0.017188 0.019531
0 0.009375 0.013281 0.017969 0.026562
0 0.007812 0.013281 0.014844 0.025781
0 0.014844 0.021875 0.029687 0.043750
0 0.010937 0.020313 0.021875 0.040625
0 0.011719 0.020313 0.023438 0.039844
0 0.011719 0.017969 0.023438 0.035937
0 0.004687 0.007812 0.008594 0.014844
0 0.004687 0.013281 0.008594 0.026562
0 0.007031 0.014063 0.014063 0.028125
0 0.003125 0.012500 0.006250 0.025000
0 0.011719 0.002344 0.023438 0.004687
0 0.005469 0.012500 0.010937 0.024219
0 0.006250 0.010156 0.012500 0.020313
0 0.006250 0.010937 0.012500 0.021094
0 0.006250 0.013281 0.012500 0.026562
0 0.007031 0.014844 0.014063 0.029687
0 0.007812 0.025781 0.015625 0.051562
0 0.008594 0.008594 0.017188 0.016406
0 0.006250 0.007812 0.012500 0.014844
0 0.006250 0.007031 0.012500 0.013281
0 0.006250 0.011719 0.012500 0.023438
0 0.004687 0.013281 0.009375 0.026562
0 0.006250 0.014063 0.012500 0.028125
0 0.009375 0.014063 0.018750 0.027344
0 0.006250 0.002344 0.012500 0.004687
0 0.015625 0.017188 0.031250 0.034375
0 0.014063 0.007031 0.028125 0.014063
0 0.012500 0.014063 0.025000 0.028125
0 0.012500 0.011719 0.025000 0.023438
0 0.008594 0.028906 0.017188 0.057031
0 0.009375 0.015625 0.018750 0.030469
0 0.010937 0.019531 0.021875 0.038281
0 0.013281 0.023438 0.026562 0.046875
0 0.015625 0.025781 0.031250 0.050781
0 0.024219 0.010156 0.048438 0.020313
0 0.017188 0.021094 0.034375 0.042188
0 0.019531 0.017969 0.039062 0.035156
0 0.017188 0.016406 0.034375 0.032813
0 0.009375 0.018750 0.018750 0.036719
0 0.021875 0.012500 0.042969 0.025000
0 0.013281 0.022656 0.026562 0.044531
0 0.019531 0.015625 0.039062 0.031250
0 0.014063 0.012500 0.028125 0.024219
0 0.010156 0.023438 0.020313 0.046875
0 0.021094 0.010156 0.042188 0.019531
0 0.017969 0.010156 0.035937 0.020313
0 0.014063 0.009375 0.028125 0.018750
0 0.017188 0.008594 0.034375 0.017188
0 0.014844 0.007812 0.029687 0.015625
0 0.014844 0.007812 0.029687 0.014844
0 0.007812 0.014844 0.015625 0.028906
0 0.021875 0.013281 0.043750 0.025781
0 0.018750 0.012500 0.037500 0.025000
0 0.018750 0.012500 0.036719 0.025000
0 0.010937 0.024219 0.021875 0.048438
0 0.013281 0.025000 0.026562 0.050000
0 0.017969 0.011719 0.035937 0.023438
0 0.014063 0.008594 0.028125 0.017188
0 0.015625 0.029687 0.031250 0.059375
0 0.010156 0.022656 0.020313 0.044531
0 0.016406 0.003906 0.032813 0.007031
0 0.012500 0.003125 0.024219 0.005469
0 0.010156 0.003125 0.020313 0.005469
0 0.007812 0.012500 0.015625 0.024219
0 0.007812 0.005469 0.015625 0.010937
0 0.010937 0.015625 0.021875 0.030469
0 0.010156 0.007031 0.020313 0.013281
0 0.004687 0.012500 0.009375 0.025000
0 0.008594 0.021094 0.017188 0.042188
0 0.006250 0.021875 0.012500 0.043750
0 0.003125 0.006250 0.006250 0.012500
0 0.007031 0.008594 0.014063 0.017188
0 0.003125 0.014063 0.006250 0.027344
0 0.008594 0.003906 0.017188 0.007031
0 0.004687 0.010937 0.008594 0.021875
0 0.009375 0.014844 0.018750 0.028906
0 0.007812 0.018750 0.015625 0.037500
0 0.008594 0.017188 0.017188 0.034375
0 0.009375 0.016406 0.018750 0.032813
0 0.019531 0.029687 0.039062 0.058594
0 0.016406 0.027344 0.032813 0.053906
0 0.010156 0.008594 0.020313 0.017188
0 0.009375 0.024219 0.018750 0.048438
0 0.007031 0.015625 0.014063 0.031250
0 0.006250 0.016406 0.012500 0.032813
0 0.005469 0.014063 0.010937 0.028125
0 0.005469 0.013281 0.010937 0.026562
0 0.007031 0.013281 0.014063 0.026562
0 0.007812 0.010156 0.015625 0.020313
