0 0.003906 0.031250 0.007812 0.061719
0 0.007812 0.036719 0.015625 0.073438
0 0.011719 0.034375 0.022656 0.067969
0 0.008594 0.035937 0.017188 0.071875
0 0.007031 0.032813 0.014063 0.065625
0 0.005469 0.022656 0.010937 0.045312
0 0.006250 0.028906 0.012500 0.057813
0 0.005469 0.031250 0.010937 0.062500
0 0.004687 0.031250 0.009375 0.062500
0 0.007812 0.035156 0.014844 0.069531
0 0.004687 0.030469 0.009375 0.060937
0 0.005469 0.028906 0.010937 0.057813
0 0.008594 0.027344 0.016406 0.053906
0 0.007031 0.027344 0.014063 0.054688
0 0.004687 0.026562 0.009375 0.053125
0 0.006250 0.027344 0.012500 0.054688
0 0.007031 0.026562 0.013281 0.052344
0 0.005469 0.025781 0.010937 0.050781
0 0.005469 0.026562 0.010937 0.052344
0 0.003906 0.028125 0.007812 0.056250
0 0.005469 0.025000 0.010937 0.049219
0 0.003906 0.021094 0.007812 0.042188
0 0.004687 0.017969 0.009375 0.035937
0 0.006250 0.033594 0.012500 0.067187
0 0.008594 0.035156 0.017188 0.069531
0 0.007031 0.033594 0.014063 0.067187
0 0.010156 0.035156 0.020313 0.070312
0 0.010156 0.033594 0.020313 0.067187
0 0.010937 0.032813 0.021875 0.065625
0 0.010156 0.030469 0.020313 0.060937
0 0.009375 0.028125 0.018750 0.056250
0 0.005469 0.018750 0.010937 0.037500
0 0.007812 0.027344 0.015625 0.054688
0 0.005469 0.026562 0.010937 0.053125
0 0.006250 0.024219 0.012500 0.048438
0 0.003906 0.019531 0.007031 0.038281
0 0.003906 0.023438 0.007031 0.046094
0 0.003906 0.023438 0.007031 0.046875
0 0.003906 0.025781 0.007812 0.050781
0 0.004687 0.025000 0.009375 0.050000
0 0.003906 0.025781 0.007812 0.051562
0 0.010937 0.025000 0.021875 0.050000
0 0.006250 0.023438 0.012500 0.046094
