0 0.009375 0.021875 0.018750 0.043750
0 0.010156 0.023438 0.020313 0.046875
0 0.008594 0.013281 0.017188 0.026562
0 0.010937 0.016406 0.021094 0.032813
0 0.009375 0.021094 0.018750 0.042188
0 0.010937 0.007031 0.021094 0.014063
0 0.008594 0.011719 0.016406 0.023438
0 0.008594 0.015625 0.016406 0.030469
0 0.007812 0.016406 0.015625 0.032813
0 0.007031 0.023438 0.014063 0.046875
0 0.006250 0.017969 0.012500 0.035937
0 0.007031 0.025781 0.014063 0.051562
0 0.006250 0.014844 0.011719 0.029687
0 0.006250 0.024219 0.012500 0.048438
0 0.007812 0.023438 0.014844 0.046875
0 0.007031 0.013281 0.014063 0.026562
0 0.010937 0.011719 0.021875 0.023438
0 0.011719 0.009375 0.023438 0.018750
0 0.008594 0.012500 0.017188 0.025000
0 0.006250 0.025000 0.012500 0.050000
0 0.006250 0.020313 0.012500 0.040625
0 0.011719 0.010156 0.023438 0.020313
0 0.007812 0.022656 0.015625 0.045312
0 0.006250 0.022656 0.011719 0.045312
0 0.010156 0.022656 0.020313 0.045312
0 0.010937 0.022656 0.021094 0.045312
0 0.010156 0.021875 0.020313 0.043750
0 0.011719 0.017188 0.022656 0.034375
0 0.015625 0.017188 0.030469 0.034375
0 0.014844 0.016406 0.029687 0.032813
0 0.012500 0.019531 0.025000 0.039062
0 0.012500 0.018750 0.025000 0.037500
0 0.015625 0.017969 0.031250 0.035937
0 0.016406 0.017188 0.032813 0.034375
0 0.014063 0.023438 0.028125 0.046875
0 0.011719 0.008594 0.023438 0.017188
0 0.009375 0.010156 0.018750 0.020313
0 0.012500 0.009375 0.024219 0.018750
0 0.006250 0.014844 0.012500 0.029687
0 0.007031 0.014063 0.013281 0.028125
0 0.010156 0.008594 0.020313 0.017188
0 0.008594 0.007812 0.017188 0.015625
0 0.015625 0.016406 0.031250 0.032813
0 0.012500 0.017969 0.025000 0.035937
0 0.012500 0.017969 0.024219 0.035937
0 0.008594 0.014063 0.016406 0.028125
0 0.012500 0.017188 0.025000 0.034375
0 0.007031 0.009375 0.014063 0.018750
0 0.005469 0.009375 0.010156 0.018750
0 0.010937 0.017969 0.021875 0.035937
0 0.009375 0.018750 0.018750 0.036719
0 0.010937 0.018750 0.021875 0.037500
0 0.015625 0.018750 0.030469 0.037500
0 0.014844 0.017969 0.029687 0.035937
0 0.010937 0.019531 0.021875 0.039062
0 0.011719 0.018750 0.022656 0.036719
0 0.009375 0.015625 0.018750 0.031250
0 0.006250 0.022656 0.012500 0.045312
0 0.005469 0.019531 0.010156 0.039062
0 0.007031 0.024219 0.014063 0.048438
0 0.010156 0.020313 0.020313 0.040625
0 0.007031 0.017188 0.014063 0.034375
0 0.008594 0.017188 0.016406 0.034375
0 0.008594 0.017188 0.017188 0.034375
0 0.007812 0.017188 0.015625 0.034375
0 0.009375 0.018750 0.018750 0.037500
0 0.010156 0.018750 0.019531 0.036719
0 0.013281 0.017188 0.026562 0.034375
0 0.013281 0.018750 0.026562 0.037500
0 0.005469 0.009375 0.010937 0.018750
0 0.006250 0.009375 0.012500 0.018750
0 0.007031 0.007812 0.013281 0.015625
0 0.013281 0.017188 0.025781 0.034375
0 0.014063 0.018750 0.028125 0.037500
0 0.005469 0.016406 0.010937 0.032813
0 0.005469 0.008594 0.010937 0.017188
0 0.004687 0.008594 0.009375 0.017188
0 0.004687 0.010156 0.009375 0.020313
0 0.006250 0.010156 0.011719 0.020313
0 0.006250 0.016406 0.012500 0.032813
0 0.007031 0.015625 0.014063 0.031250
0 0.003906 0.008594 0.007031 0.017188
0 0.004687 0.009375 0.009375 0.018750
0 0.003906 0.017188 0.007812 0.033594
0 0.004687 0.007812 0.008594 0.015625
0 0.007031 0.016406 0.014063 0.032813
0 0.010156 0.010937 0.020313 0.021875
0 0.009375 0.014844 0.018750 0.029687
0 0.012500 0.011719 0.025000 0.023438
0 0.014844 0.010937 0.028906 0.021875
0 0.014063 0.010156 0.028125 0.020313
0 0.014063 0.013281 0.028125 0.026562
0 0.009375 0.012500 0.018750 0.025000
0 0.007812 0.006250 0.015625 0.012500
0 0.006250 0.005469 0.012500 0.010937
0 0.007031 0.011719 0.014063 0.023438
0 0.014063 0.014063 0.027344 0.027344
0 0.014844 0.011719 0.029687 0.023438
0 0.011719 0.008594 0.022656 0.017188
0 0.013281 0.017969 0.025781 0.035937
0 0.005469 0.007812 0.010937 0.015625
0 0.008594 0.018750 0.017188 0.037500
0 0.009375 0.015625 0.017969 0.031250
0 0.009375 0.007031 0.017969 0.014063
0 0.003125 0.009375 0.006250 0.018750
0 0.003906 0.009375 0.007031 0.018750
0 0.004687 0.010937 0.009375 0.021875
0 0.005469 0.010937 0.010937 0.021094
0 0.006250 0.011719 0.012500 0.023438
0 0.006250 0.010937 0.012500 0.021875
0 0.008594 0.007812 0.016406 0.015625
0 0.008594 0.015625 0.016406 0.031250
0 0.008594 0.016406 0.016406 0.032813
0 0.008594 0.021094 0.017188 0.042188
0 0.011719 0.005469 0.022656 0.010937
0 0.010156 0.018750 0.019531 0.037500
0 0.014063 0.017969 0.028125 0.035937
0 0.014063 0.016406 0.027344 0.032813
0 0.015625 0.007031 0.030469 0.014063
0 0.014063 0.017188 0.028125 0.033594
