0 0.017188 0.022656 0.034375 0.045312
0 0.007812 0.023438 0.015625 0.046875
0 0.010156 0.007031 0.020313 0.014063
0 0.006250 0.014063 0.012500 0.028125
0 0.005469 0.011719 0.010937 0.023438
0 0.006250 0.011719 0.012500 0.023438
0 0.006250 0.012500 0.011719 0.024219
0 0.005469 0.005469 0.010937 0.010937
0 0.006250 0.010937 0.012500 0.021875
0 0.005469 0.013281 0.010937 0.026562
0 0.005469 0.014063 0.010937 0.027344
0 0.003125 0.014844 0.006250 0.029687
0 0.007031 0.014063 0.014063 0.027344
0 0.006250 0.011719 0.011719 0.023438
0 0.008594 0.018750 0.017188 0.037500
0 0.005469 0.017188 0.010937 0.033594
0 0.007031 0.015625 0.014063 0.031250
0 0.007031 0.014844 0.014063 0.029687
0 0.012500 0.021875 0.025000 0.042969
0 0.005469 0.014063 0.010937 0.028125
0 0.007812 0.010156 0.015625 0.019531
0 0.009375 0.014063 0.017969 0.027344
0 0.008594 0.020313 0.017188 0.040625
0 0.010937 0.020313 0.021875 0.039844
0 0.009375 0.035937 0.018750 0.071875
0 0.009375 0.021094 0.018750 0.042188
0 0.010156 0.021094 0.020313 0.042188
0 0.010937 0.017969 0.021094 0.035156
0 0.009375 0.013281 0.017969 0.026562
0 0.007812 0.015625 0.015625 0.031250
0 0.010156 0.021875 0.020313 0.042969
0 0.010156 0.034375 0.020313 0.068750
0 0.007812 0.030469 0.015625 0.060937
0 0.014063 0.017188 0.028125 0.034375
0 0.014063 0.031250 0.028125 0.061719
0 0.009375 0.024219 0.018750 0.048438
0 0.013281 0.030469 0.025781 0.060156
0 0.010937 0.035937 0.021875 0.071875
0 0.010937 0.028906 0.021875 0.057813
0 0.013281 0.034375 0.025781 0.068750
0 0.009375 0.033594 0.018750 0.067187
0 0.012500 0.035156 0.025000 0.070312
0 0.013281 0.020313 0.025781 0.040625
0 0.012500 0.013281 0.024219 0.026562
0 0.008594 0.013281 0.017188 0.026562
0 0.012500 0.017188 0.025000 0.034375
0 0.009375 0.019531 0.018750 0.039062
0 0.020313 0.023438 0.040625 0.046875
0 0.007812 0.022656 0.015625 0.045312
0 0.012500 0.022656 0.025000 0.045312
0 0.007812 0.034375 0.015625 0.068750
0 0.009375 0.030469 0.018750 0.060937
0 0.011719 0.017969 0.023438 0.035937
0 0.010937 0.017969 0.021875 0.035937
0 0.010937 0.017188 0.021875 0.034375
0 0.011719 0.020313 0.023438 0.040625
0 0.007812 0.024219 0.015625 0.048438
0 0.014844 0.035937 0.028906 0.071875
0 0.010937 0.033594 0.021875 0.067187
0 0.008594 0.014063 0.017188 0.028125
0 0.005469 0.030469 0.010937 0.060937
0 0.008594 0.029687 0.017188 0.059375
0 0.008594 0.023438 0.017188 0.046875
0 0.006250 0.021094 0.011719 0.042188
0 0.010156 0.032031 0.020313 0.064062
0 0.009375 0.012500 0.018750 0.025000
0 0.014063 0.022656 0.028125 0.045312
0 0.014844 0.036719 0.029687 0.073438
0 0.011719 0.021875 0.023438 0.043750
0 0.004687 0.019531 0.009375 0.039062
0 0.012500 0.021094 0.025000 0.042188
0 0.013281 0.021094 0.026562 0.042188
0 0.011719 0.022656 0.023438 0.045312
0 0.010156 0.022656 0.020313 0.045312
0 0.009375 0.016406 0.018750 0.032813
0 0.007031 0.008594 0.014063 0.017188
0 0.005469 0.017188 0.010937 0.034375
0 0.006250 0.020313 0.012500 0.040625
0 0.014844 0.020313 0.029687 0.040625
0 0.011719 0.018750 0.022656 0.037500
0 0.007812 0.019531 0.015625 0.039062
0 0.011719 0.021094 0.023438 0.042188
0 0.009375 0.015625 0.018750 0.031250
0 0.016406 0.023438 0.032031 0.046094
0 0.010937 0.015625 0.021875 0.031250
0 0.014063 0.014844 0.028125 0.029687
0 0.004687 0.011719 0.009375 0.023438
0 0.007812 0.020313 0.015625 0.040625
0 0.007812 0.021875 0.014844 0.042969
0 0.007812 0.021094 0.015625 0.042188
0 0.007031 0.022656 0.013281 0.045312
0 0.010156 0.017188 0.020313 0.034375
0 0.006250 0.021875 0.012500 0.042969
0 0.007812 0.021875 0.014844 0.043750
0 0.008594 0.023438 0.016406 0.046875
0 0.009375 0.013281 0.018750 0.026562
0 0.010156 0.009375 0.020313 0.018750
0 0.017969 0.031250 0.035937 0.062500
0 0.016406 0.024219 0.032813 0.047656
0 0.005469 0.025781 0.010937 0.051562
0 0.009375 0.028125 0.018750 0.056250
0 0.011719 0.025781 0.023438 0.051562
0 0.005469 0.033594 0.010937 0.066406
0 0.009375 0.035156 0.017969 0.070312
0 0.013281 0.032031 0.026562 0.064062
0 0.012500 0.032813 0.025000 0.065625
0 0.009375 0.031250 0.018750 0.062500
0 0.013281 0.029687 0.026562 0.059375
0 0.010937 0.026562 0.021875 0.053125
0 0.009375 0.028906 0.018750 0.057813
0 0.012500 0.022656 0.025000 0.044531
0 0.015625 0.022656 0.030469 0.045312
0 0.005469 0.022656 0.010937 0.044531
0 0.007031 0.023438 0.014063 0.046094
0 0.015625 0.023438 0.030469 0.046094
0 0.014844 0.023438 0.029687 0.046875
0 0.008594 0.020313 0.016406 0.039844
0 0.003906 0.025781 0.007812 0.051562
0 0.008594 0.014844 0.017188 0.028906
0 0.014063 0.021875 0.028125 0.043750
0 0.015625 0.008594 0.031250 0.017188
0 0.010156 0.021875 0.020313 0.043750
0 0.012500 0.019531 0.024219 0.038281
0 0.016406 0.019531 0.032031 0.039062
0 0.007812 0.028125 0.015625 0.056250
0 0.012500 0.021094 0.024219 0.042188
0 0.015625 0.024219 0.031250 0.048438
0 0.013281 0.021875 0.025781 0.042969
0 0.012500 0.022656 0.024219 0.045312
0 0.010937 0.016406 0.021094 0.032031
0 0.009375 0.014844 0.018750 0.029687
0 0.007812 0.016406 0.014844 0.032031
0 0.014844 0.021875 0.028906 0.043750
