0 0.010156 0.017188 0.019531 0.034375
0 0.010156 0.015625 0.020313 0.030469
0 0.011719 0.031250 0.022656 0.062500
0 0.010156 0.016406 0.020313 0.032813
0 0.010156 0.014844 0.019531 0.029687
0 0.007031 0.014063 0.013281 0.028125
0 0.010156 0.028906 0.020313 0.057813
0 0.009375 0.017188 0.018750 0.034375
0 0.010156 0.016406 0.019531 0.032813
0 0.010937 0.036719 0.021094 0.073438
0 0.008594 0.030469 0.017188 0.060937
0 0.009375 0.035156 0.017969 0.070312
0 0.007812 0.036719 0.014844 0.073438
0 0.011719 0.026562 0.023438 0.053125
0 0.008594 0.014844 0.016406 0.029687
0 0.010156 0.013281 0.020313 0.026562
0 0.010156 0.015625 0.019531 0.030469
0 0.014844 0.038281 0.029687 0.076563
0 0.014063 0.036719 0.028125 0.073438
0 0.010156 0.015625 0.020313 0.031250
0 0.010937 0.017188 0.021094 0.034375
0 0.014063 0.035156 0.028125 0.070312
0 0.014844 0.034375 0.029687 0.068750
0 0.007812 0.036719 0.015625 0.073438
0 0.007812 0.029687 0.015625 0.059375
0 0.006250 0.028906 0.012500 0.057813
0 0.006250 0.029687 0.012500 0.059375
0 0.007812 0.028125 0.015625 0.056250
0 0.014063 0.050000 0.028125 0.100000
0 0.011719 0.046875 0.023438 0.093750
0 0.010937 0.044531 0.021875 0.089063
0 0.009375 0.042188 0.018750 0.084375
0 0.010156 0.040625 0.019531 0.081250
0 0.007812 0.038281 0.015625 0.076563
0 0.007812 0.039844 0.015625 0.079687
0 0.008594 0.039062 0.017188 0.078125
0 0.007031 0.038281 0.014063 0.076563
0 0.007031 0.037500 0.013281 0.075000
0 0.007031 0.035937 0.014063 0.071875
0 0.007812 0.035937 0.014844 0.071875
0 0.007031 0.035937 0.013281 0.071875
0 0.007031 0.024219 0.014063 0.048438
0 0.004687 0.024219 0.009375 0.048438
0 0.004687 0.023438 0.009375 0.046875
0 0.005469 0.023438 0.010937 0.046875
0 0.009375 0.038281 0.018750 0.076563
0 0.020313 0.032031 0.039844 0.064062
0 0.014844 0.034375 0.028906 0.068750
0 0.020313 0.025000 0.039844 0.050000
0 0.014844 0.032031 0.029687 0.064062
0 0.009375 0.014063 0.017969 0.027344
0 0.008594 0.038281 0.016406 0.076563
0 0.009375 0.008594 0.018750 0.017188
0 0.009375 0.009375 0.017969 0.018750
0 0.008594 0.008594 0.017188 0.017188
0 0.008594 0.010156 0.017188 0.020313
0 0.007812 0.014063 0.014844 0.028125
0 0.007812 0.014063 0.015625 0.028125
0 0.010937 0.012500 0.021094 0.025000
0 0.010937 0.017188 0.021094 0.033594
0 0.008594 0.014844 0.017188 0.029687
0 0.009375 0.015625 0.018750 0.031250
0 0.011719 0.032813 0.023438 0.065625
0 0.009375 0.016406 0.017969 0.032813
0 0.014844 0.031250 0.028906 0.062500
0 0.006250 0.026562 0.012500 0.052344
0 0.007031 0.021875 0.013281 0.043750
0 0.008594 0.021094 0.016406 0.042188
0 0.012500 0.037500 0.025000 0.075000
0 0.010156 0.017969 0.020313 0.035937
0 0.009375 0.016406 0.018750 0.032813
0 0.012500 0.028906 0.025000 0.057813
0 0.003906 0.026562 0.007812 0.053125
0 0.007812 0.025781 0.014844 0.051562
0 0.006250 0.018750 0.011719 0.037500
0 0.006250 0.021875 0.011719 0.043750
0 0.003906 0.021094 0.007812 0.042188
0 0.007031 0.027344 0.014063 0.054688
0 0.007812 0.028125 0.014844 0.055469
0 0.007812 0.028125 0.014844 0.056250
0 0.013281 0.028906 0.025781 0.057813
0 0.009375 0.014063 0.018750 0.028125
0 0.009375 0.012500 0.018750 0.025000
0 0.010156 0.025781 0.020313 0.051562
0 0.011719 0.027344 0.022656 0.054688
0 0.012500 0.029687 0.025000 0.059375
0 0.011719 0.012500 0.023438 0.025000
0 0.011719 0.014844 0.022656 0.029687
0 0.013281 0.036719 0.026562 0.073438
0 0.013281 0.032813 0.026562 0.064844
0 0.010937 0.017969 0.021094 0.035937
0 0.007031 0.023438 0.014063 0.046875
0 0.006250 0.022656 0.012500 0.045312
0 0.006250 0.021875 0.012500 0.043750
0 0.006250 0.024219 0.011719 0.048438
0 0.004687 0.025781 0.009375 0.051562
0 0.009375 0.040625 0.018750 0.081250
0 0.005469 0.022656 0.010937 0.045312
0 0.009375 0.042969 0.018750 0.085938
0 0.012500 0.035156 0.025000 0.070312
0 0.013281 0.034375 0.025781 0.068750
0 0.011719 0.037500 0.023438 0.075000
0 0.005469 0.035937 0.010937 0.071875
0 0.005469 0.031250 0.010937 0.062500
0 0.007031 0.031250 0.014063 0.062500
0 0.007812 0.032813 0.015625 0.064844
0 0.008594 0.037500 0.017188 0.075000
0 0.007812 0.039062 0.014844 0.078125
0 0.010937 0.042188 0.021875 0.084375
0 0.006250 0.035937 0.011719 0.071875
0 0.009375 0.044531 0.017969 0.089063
0 0.013281 0.045312 0.025781 0.090625
0 0.011719 0.048438 0.023438 0.096875
0 0.011719 0.046875 0.022656 0.093750
0 0.006250 0.029687 0.011719 0.059375
0 0.005469 0.026562 0.010937 0.053125
0 0.006250 0.025781 0.011719 0.051562
0 0.006250 0.025781 0.012500 0.051562
0 0.006250 0.028906 0.011719 0.057813
0 0.010156 0.045312 0.020313 0.089844
