0 0.014063 0.012500 0.027344 0.025000
0 0.012500 0.012500 0.024219 0.025000
0 0.012500 0.013281 0.024219 0.026562
0 0.008594 0.014063 0.017188 0.028125
0 0.008594 0.011719 0.017188 0.023438
0 0.012500 0.011719 0.025000 0.023438
0 0.016406 0.014844 0.032813 0.029687
0 0.014844 0.009375 0.029687 0.018750
0 0.020313 0.014063 0.040625 0.028125
0 0.009375 0.013281 0.018750 0.026562
0 0.022656 0.014844 0.045312 0.029687
0 0.017188 0.013281 0.033594 0.026562
0 0.019531 0.012500 0.038281 0.025000
0 0.014063 0.014063 0.028125 0.028125
0 0.009375 0.012500 0.018750 0.025000
0 0.032031 0.014844 0.064062 0.029687
0 0.015625 0.032813 0.031250 0.065625
0 0.006250 0.010156 0.012500 0.020313
0 0.014063 0.016406 0.028125 0.032813
0 0.014844 0.013281 0.029687 0.026562
0 0.015625 0.014844 0.031250 0.029687
0 0.013281 0.013281 0.026562 0.025781
0 0.011719 0.015625 0.023438 0.031250
0 0.016406 0.010156 0.032813 0.020313
0 0.016406 0.014063 0.032031 0.028125
0 0.028906 0.010937 0.057031 0.021875
0 0.025000 0.011719 0.050000 0.023438
0 0.009375 0.007812 0.017969 0.015625
0 0.007812 0.010937 0.015625 0.021875
0 0.013281 0.031250 0.026562 0.062500
0 0.017188 0.011719 0.034375 0.023438
0 0.013281 0.013281 0.026562 0.026562
0 0.010937 0.013281 0.021875 0.026562
0 0.010937 0.010937 0.021875 0.021094
0 0.021094 0.011719 0.042188 0.023438
0 0.021094 0.009375 0.042188 0.018750
0 0.014063 0.008594 0.028125 0.017188
0 0.017969 0.007031 0.035937 0.014063
0 0.017188 0.005469 0.034375 0.010937
0 0.010156 0.012500 0.020313 0.025000
0 0.015625 0.017188 0.031250 0.034375
0 0.020313 0.014063 0.039844 0.028125
0 0.010937 0.007812 0.021094 0.014844
0 0.010937 0.009375 0.021094 0.017969
0 0.008594 0.005469 0.017188 0.010937
0 0.009375 0.005469 0.017969 0.010937
0 0.013281 0.010156 0.026562 0.020313
0 0.020313 0.012500 0.040625 0.025000
0 0.014844 0.013281 0.029687 0.025781
0 0.014844 0.012500 0.029687 0.025000
0 0.006250 0.012500 0.012500 0.025000
0 0.008594 0.013281 0.017188 0.026562
0 0.011719 0.009375 0.023438 0.018750
0 0.013281 0.014063 0.026562 0.027344
0 0.011719 0.017969 0.023438 0.035937
0 0.009375 0.018750 0.018750 0.036719
0 0.012500 0.011719 0.024219 0.023438
0 0.014063 0.011719 0.028125 0.023438
0 0.014063 0.011719 0.028125 0.022656
0 0.016406 0.013281 0.032031 0.026562
0 0.019531 0.014844 0.038281 0.028906
0 0.012500 0.012500 0.025000 0.025000
0 0.034375 0.014063 0.068750 0.028125
0 0.013281 0.007031 0.026562 0.014063
0 0.031250 0.013281 0.062500 0.026562
0 0.015625 0.020313 0.031250 0.040625
0 0.012500 0.021094 0.025000 0.042188
0 0.017969 0.017969 0.035937 0.035937
0 0.018750 0.009375 0.037500 0.018750
0 0.017969 0.012500 0.035937 0.025000
0 0.017188 0.014063 0.034375 0.028125
0 0.007031 0.017188 0.013281 0.034375
0 0.016406 0.023438 0.032813 0.046875
0 0.013281 0.023438 0.026562 0.046875
0 0.014063 0.012500 0.028125 0.025000
0 0.010156 0.010937 0.020313 0.021875
0 0.009375 0.009375 0.018750 0.018750
0 0.010156 0.006250 0.019531 0.012500
0 0.008594 0.010937 0.017188 0.021875
0 0.021875 0.012500 0.042969 0.025000
0 0.010937 0.016406 0.021875 0.032031
0 0.010937 0.015625 0.021875 0.030469
0 0.010937 0.015625 0.021875 0.031250
0 0.032813 0.014844 0.065625 0.029687
0 0.010937 0.011719 0.021875 0.023438
0 0.014844 0.027344 0.028906 0.054688
0 0.014844 0.020313 0.029687 0.040625
0 0.021094 0.015625 0.042188 0.031250
0 0.009375 0.010156 0.018750 0.020313
0 0.020313 0.021875 0.040625 0.043750
0 0.005469 0.025781 0.010937 0.051562
0 0.021094 0.018750 0.042188 0.037500
0 0.020313 0.023438 0.040625 0.046875
0 0.018750 0.020313 0.037500 0.040625
0 0.019531 0.025781 0.038281 0.051562
0 0.011719 0.010937 0.022656 0.021094
0 0.012500 0.015625 0.025000 0.031250
0 0.012500 0.022656 0.025000 0.045312
0 0.007031 0.027344 0.013281 0.054688
0 0.007031 0.011719 0.014063 0.023438
0 0.021875 0.015625 0.043750 0.031250
0 0.032813 0.017188 0.065625 0.033594
0 0.035156 0.007812 0.070312 0.015625
0 0.032813 0.011719 0.064844 0.023438
