0 0.007031 0.025781 0.014063 0.051562
0 0.007812 0.022656 0.015625 0.045312
0 0.005469 0.028906 0.010937 0.057813
0 0.007031 0.021875 0.014063 0.043750
0 0.005469 0.020313 0.010937 0.040625
0 0.017188 0.042969 0.034375 0.085938
0 0.006250 0.021875 0.012500 0.043750
0 0.007812 0.021094 0.015625 0.042188
0 0.005469 0.021094 0.010937 0.042188
0 0.007031 0.025000 0.014063 0.050000
0 0.007812 0.025000 0.015625 0.050000
0 0.005469 0.030469 0.010937 0.060156
0 0.007812 0.021875 0.014844 0.043750
0 0.005469 0.041406 0.010937 0.082812
0 0.007812 0.034375 0.015625 0.067969
0 0.004687 0.030469 0.009375 0.060937
0 0.005469 0.030469 0.010937 0.060937
0 0.006250 0.031250 0.011719 0.062500
0 0.005469 0.032031 0.010937 0.063281
0 0.007812 0.032031 0.015625 0.064062
0 0.006250 0.033594 0.012500 0.067187
0 0.005469 0.033594 0.010937 0.067187
0 0.007812 0.027344 0.015625 0.054688
0 0.009375 0.039062 0.018750 0.078125
0 0.012500 0.030469 0.024219 0.060156
0 0.007812 0.025781 0.015625 0.051562
0 0.008594 0.025781 0.017188 0.051562
0 0.007031 0.028125 0.014063 0.056250
0 0.007812 0.028125 0.015625 0.055469
0 0.004687 0.025000 0.009375 0.049219
0 0.004687 0.025000 0.009375 0.050000
0 0.005469 0.025781 0.010937 0.050781
0 0.004687 0.027344 0.009375 0.053906
0 0.007031 0.031250 0.013281 0.061719
0 0.007812 0.028125 0.015625 0.056250
0 0.008594 0.028906 0.017188 0.057813
0 0.006250 0.021094 0.011719 0.042188
0 0.007031 0.030469 0.014063 0.060937
0 0.006250 0.028906 0.012500 0.057813
0 0.010156 0.030469 0.019531 0.060156
0 0.007031 0.026562 0.014063 0.052344
0 0.007812 0.027344 0.014844 0.053906
0 0.003906 0.022656 0.007812 0.045312
0 0.004687 0.022656 0.009375 0.045312
0 0.007031 0.027344 0.014063 0.054688
0 0.007812 0.025781 0.015625 0.050781
0 0.010156 0.026562 0.020313 0.052344
0 0.011719 0.025000 0.023438 0.050000
0 0.008594 0.028125 0.017188 0.055469
0 0.008594 0.022656 0.017188 0.045312
0 0.007031 0.026562 0.013281 0.052344
0 0.007812 0.031250 0.015625 0.062500
0 0.009375 0.018750 0.018750 0.037500
0 0.012500 0.007812 0.025000 0.015625
0 0.012500 0.010156 0.025000 0.019531
0 0.011719 0.007812 0.023438 0.015625
0 0.009375 0.028125 0.018750 0.056250
0 0.012500 0.009375 0.025000 0.018750
0 0.005469 0.031250 0.010937 0.061719
0 0.006250 0.031250 0.012500 0.061719
0 0.005469 0.032031 0.010937 0.064062
0 0.007031 0.032031 0.014063 0.064062
0 0.007812 0.031250 0.014844 0.062500
0 0.006250 0.031250 0.012500 0.062500
0 0.007031 0.021094 0.014063 0.042188
0 0.007812 0.020313 0.015625 0.040625
0 0.011719 0.003125 0.022656 0.006250
0 0.011719 0.003906 0.022656 0.007031
0 0.011719 0.003906 0.023438 0.007031
0 0.012500 0.003125 0.025000 0.006250
0 0.011719 0.003125 0.023438 0.006250
0 0.013281 0.003125 0.026562 0.006250
0 0.013281 0.002344 0.026562 0.004687
0 0.012500 0.004687 0.025000 0.009375
0 0.011719 0.003906 0.023438 0.007812
0 0.012500 0.003125 0.025000 0.005469
0 0.012500 0.003906 0.025000 0.007812
0 0.011719 0.003125 0.022656 0.005469
0 0.007812 0.007031 0.015625 0.014063
0 0.007031 0.003125 0.014063 0.006250
0 0.008594 0.003125 0.017188 0.006250
0 0.008594 0.003906 0.017188 0.007812
0 0.011719 0.002344 0.023438 0.004687
0 0.012500 0.004687 0.024219 0.008594
0 0.012500 0.003906 0.025000 0.007031
0 0.010156 0.002344 0.020313 0.004687
0 0.011719 0.003125 0.023438 0.005469
0 0.011719 0.003906 0.022656 0.007812
0 0.006250 0.028125 0.012500 0.056250
0 0.012500 0.004687 0.024219 0.009375
0 0.004687 0.027344 0.009375 0.054688
0 0.007031 0.029687 0.014063 0.059375
0 0.014063 0.025000 0.028125 0.049219
0 0.016406 0.033594 0.032813 0.067187
0 0.007812 0.027344 0.015625 0.053906
0 0.009375 0.014063 0.018750 0.028125
0 0.010937 0.022656 0.021875 0.045312
0 0.010156 0.024219 0.020313 0.048438
0 0.006250 0.020313 0.012500 0.040625
0 0.005469 0.027344 0.010937 0.054688
0 0.007031 0.027344 0.013281 0.053906
0 0.006250 0.029687 0.011719 0.059375
0 0.015625 0.016406 0.031250 0.032031
0 0.004687 0.026562 0.009375 0.053125
0 0.013281 0.027344 0.025781 0.054688
0 0.010156 0.014063 0.020313 0.027344
0 0.032813 0.032031 0.065625 0.064062
0 0.014063 0.025000 0.028125 0.050000
0 0.009375 0.006250 0.018750 0.012500
0 0.010156 0.026562 0.019531 0.052344
0 0.008594 0.024219 0.016406 0.048438
0 0.009375 0.024219 0.018750 0.048438
0 0.007812 0.028906 0.015625 0.057813
0 0.008594 0.010937 0.016406 0.021875
0 0.009375 0.017188 0.017969 0.034375
0 0.007812 0.029687 0.015625 0.059375
0 0.009375 0.023438 0.017969 0.046875
0 0.004687 0.037500 0.009375 0.075000
0 0.007031 0.003906 0.014063 0.007031
0 0.008594 0.006250 0.017188 0.012500
