0 0.016406 0.022656 0.032813 0.045312
0 0.011719 0.010937 0.023438 0.021875
0 0.011719 0.010937 0.023438 0.021094
0 0.011719 0.010156 0.023438 0.020313
0 0.009375 0.023438 0.017969 0.046875
0 0.007031 0.023438 0.014063 0.046875
0 0.012500 0.022656 0.024219 0.045312
0 0.012500 0.020313 0.024219 0.040625
0 0.013281 0.021094 0.025781 0.042188
0 0.012500 0.021875 0.025000 0.042969
0 0.010937 0.021875 0.021875 0.043750
0 0.010937 0.021094 0.021875 0.042188
0 0.010937 0.021094 0.021094 0.042188
0 0.010156 0.021875 0.020313 0.043750
0 0.010937 0.021875 0.021094 0.043750
0 0.010156 0.020313 0.020313 0.040625
0 0.010937 0.020313 0.021875 0.040625
0 0.011719 0.021094 0.023438 0.042188
0 0.010937 0.029687 0.021875 0.059375
0 0.010937 0.028125 0.021875 0.056250
0 0.011719 0.029687 0.023438 0.058594
0 0.013281 0.016406 0.026562 0.032813
0 0.013281 0.017188 0.025781 0.034375
0 0.018750 0.017188 0.036719 0.034375
0 0.018750 0.016406 0.036719 0.032813
0 0.018750 0.017969 0.037500 0.035937
0 0.017969 0.017188 0.035156 0.034375
0 0.017969 0.016406 0.035156 0.032813
0 0.011719 0.025000 0.023438 0.050000
0 0.011719 0.013281 0.022656 0.026562
0 0.007031 0.020313 0.014063 0.040625
0 0.011719 0.018750 0.023438 0.037500
0 0.011719 0.020313 0.023438 0.039844
0 0.010937 0.030469 0.021094 0.060937
0 0.011719 0.020313 0.022656 0.040625
0 0.013281 0.017188 0.026562 0.034375
0 0.014063 0.015625 0.028125 0.031250
0 0.012500 0.025000 0.024219 0.050000
0 0.012500 0.024219 0.024219 0.048438
0 0.012500 0.023438 0.025000 0.046875
0 0.011719 0.023438 0.023438 0.046875
0 0.010937 0.017969 0.021875 0.035937
0 0.014063 0.016406 0.028125 0.032813
0 0.015625 0.022656 0.031250 0.045312
0 0.017188 0.021094 0.034375 0.042188
0 0.015625 0.017969 0.031250 0.035937
0 0.013281 0.021875 0.025781 0.043750
0 0.011719 0.022656 0.023438 0.045312
0 0.012500 0.022656 0.025000 0.045312
0 0.012500 0.023438 0.025000 0.046094
0 0.013281 0.017969 0.025781 0.035937
0 0.011719 0.020313 0.023438 0.040625
0 0.007031 0.027344 0.014063 0.054688
0 0.005469 0.027344 0.010937 0.054688
0 0.014063 0.019531 0.028125 0.039062
0 0.015625 0.018750 0.030469 0.036719
0 0.015625 0.019531 0.031250 0.039062
0 0.015625 0.019531 0.030469 0.039062
0 0.013281 0.021875 0.026562 0.043750
0 0.016406 0.023438 0.032031 0.046875
0 0.016406 0.025000 0.032813 0.050000
0 0.016406 0.017188 0.032031 0.034375
0 0.016406 0.020313 0.032813 0.040625
0 0.015625 0.020313 0.031250 0.040625
0 0.014844 0.024219 0.028906 0.048438
0 0.016406 0.024219 0.032813 0.048438
0 0.015625 0.025781 0.031250 0.051562
0 0.014844 0.025781 0.029687 0.051562
0 0.014844 0.015625 0.028906 0.031250
0 0.015625 0.017188 0.031250 0.034375
0 0.015625 0.018750 0.030469 0.037500
0 0.015625 0.017969 0.030469 0.035937
0 0.016406 0.022656 0.032031 0.045312
0 0.015625 0.018750 0.031250 0.037500
0 0.017188 0.020313 0.034375 0.040625
0 0.016406 0.019531 0.032031 0.039062
0 0.014844 0.020313 0.029687 0.040625
0 0.015625 0.021094 0.030469 0.042188
0 0.016406 0.021094 0.032813 0.042188
0 0.016406 0.021875 0.032813 0.043750
0 0.015625 0.021875 0.031250 0.043750
0 0.013281 0.024219 0.025781 0.048438
0 0.017188 0.013281 0.033594 0.026562
0 0.016406 0.018750 0.032031 0.037500
0 0.016406 0.014063 0.032813 0.028125
0 0.016406 0.020313 0.032031 0.040625
0 0.014063 0.019531 0.027344 0.039062
