0 0.006250 0.021875 0.012500 0.043750
0 0.007031 0.017969 0.014063 0.035937
0 0.007812 0.021094 0.015625 0.042188
0 0.007812 0.021875 0.014844 0.043750
0 0.007031 0.021875 0.014063 0.042969
0 0.007031 0.018750 0.014063 0.036719
0 0.006250 0.019531 0.012500 0.039062
0 0.007812 0.019531 0.015625 0.039062
0 0.006250 0.019531 0.012500 0.038281
0 0.007812 0.021094 0.015625 0.041406
0 0.006250 0.021094 0.012500 0.042188
0 0.007031 0.019531 0.014063 0.039062
0 0.007031 0.018750 0.014063 0.037500
0 0.007812 0.020313 0.014844 0.040625
0 0.007812 0.019531 0.015625 0.038281
0 0.007031 0.024219 0.014063 0.047656
0 0.006250 0.022656 0.012500 0.045312
0 0.007812 0.017969 0.015625 0.035937
0 0.007031 0.018750 0.013281 0.036719
0 0.007031 0.021094 0.014063 0.042188
0 0.007812 0.020313 0.015625 0.040625
0 0.005469 0.017969 0.010937 0.035156
0 0.007031 0.019531 0.013281 0.039062
0 0.005469 0.019531 0.010937 0.039062
0 0.007031 0.019531 0.013281 0.038281
0 0.004687 0.017969 0.009375 0.035937
0 0.007031 0.021094 0.013281 0.042188
0 0.007031 0.020313 0.014063 0.040625
0 0.006250 0.018750 0.012500 0.037500
0 0.006250 0.021875 0.011719 0.043750
0 0.006250 0.021875 0.011719 0.042969
0 0.006250 0.020313 0.012500 0.040625
0 0.005469 0.020313 0.010937 0.040625
0 0.007031 0.022656 0.014063 0.044531
0 0.007031 0.023438 0.014063 0.046875
0 0.007812 0.022656 0.015625 0.045312
0 0.007031 0.010937 0.013281 0.021875
0 0.008594 0.022656 0.017188 0.045312
0 0.005469 0.025000 0.010937 0.049219
0 0.007812 0.022656 0.015625 0.044531
0 0.007031 0.025000 0.014063 0.050000
0 0.007031 0.022656 0.014063 0.045312
0 0.004687 0.021875 0.009375 0.042969
0 0.005469 0.018750 0.010937 0.036719
0 0.006250 0.016406 0.012500 0.032813
0 0.007031 0.017188 0.014063 0.034375
0 0.003906 0.017969 0.007812 0.035937
0 0.005469 0.024219 0.010937 0.048438
0 0.006250 0.024219 0.012500 0.048438
0 0.007031 0.025781 0.014063 0.051562
0 0.005469 0.028125 0.010937 0.056250
0 0.007031 0.027344 0.014063 0.054688
0 0.008594 0.028906 0.016406 0.057031
0 0.004687 0.023438 0.009375 0.046094
0 0.004687 0.022656 0.009375 0.044531
0 0.006250 0.020313 0.012500 0.039844
0 0.009375 0.027344 0.018750 0.054688
0 0.010156 0.028125 0.020313 0.056250
0 0.007812 0.026562 0.015625 0.053125
0 0.009375 0.026562 0.018750 0.053125
0 0.007031 0.027344 0.014063 0.053906
0 0.007812 0.025000 0.014844 0.049219
0 0.007031 0.024219 0.014063 0.048438
0 0.006250 0.027344 0.012500 0.054688
0 0.008594 0.027344 0.017188 0.054688
0 0.006250 0.028125 0.012500 0.056250
0 0.003906 0.017188 0.007812 0.034375
0 0.005469 0.018750 0.010937 0.037500
0 0.008594 0.028125 0.016406 0.055469
0 0.010156 0.030469 0.020313 0.060937
0 0.009375 0.030469 0.018750 0.060937
0 0.007812 0.032813 0.015625 0.065625
0 0.007812 0.028125 0.015625 0.056250
0 0.006250 0.014844 0.012500 0.029687
0 0.005469 0.014063 0.010937 0.028125
0 0.007812 0.014844 0.015625 0.029687
0 0.007812 0.023438 0.014844 0.046094
0 0.007031 0.021875 0.014063 0.043750
0 0.005469 0.017188 0.010937 0.034375
0 0.005469 0.025000 0.010937 0.050000
0 0.008594 0.025000 0.017188 0.049219
0 0.008594 0.026562 0.016406 0.053125
0 0.009375 0.031250 0.017969 0.062500
0 0.007031 0.031250 0.014063 0.062500
0 0.008594 0.032031 0.016406 0.064062
0 0.007031 0.026562 0.013281 0.053125
0 0.010156 0.028125 0.019531 0.056250
0 0.006250 0.018750 0.011719 0.036719
0 0.005469 0.021094 0.010937 0.042188
0 0.007031 0.028906 0.014063 0.057813
0 0.007812 0.017188 0.015625 0.034375
0 0.006250 0.017969 0.012500 0.035937
0 0.005469 0.021875 0.010937 0.043750
0 0.004687 0.021094 0.009375 0.042188
0 0.005469 0.021875 0.010937 0.042969
0 0.007812 0.015625 0.014844 0.031250
0 0.007812 0.015625 0.015625 0.031250
0 0.005469 0.016406 0.010937 0.032813
0 0.005469 0.014844 0.010937 0.029687
0 0.005469 0.023438 0.010937 0.046875
0 0.006250 0.017188 0.012500 0.034375
0 0.006250 0.015625 0.011719 0.031250
0 0.005469 0.022656 0.010937 0.045312
0 0.005469 0.015625 0.010937 0.031250
0 0.004687 0.016406 0.009375 0.032813
0 0.006250 0.014063 0.012500 0.028125
