0 0.009375 0.036719 0.017969 0.073438
0 0.007031 0.023438 0.014063 0.046875
0 0.009375 0.032031 0.017969 0.064062
0 0.007031 0.028125 0.013281 0.056250
0 0.009375 0.028906 0.018750 0.057813
0 0.010156 0.032813 0.020313 0.064844
0 0.006250 0.026562 0.012500 0.052344
0 0.008594 0.027344 0.017188 0.053906
0 0.007812 0.030469 0.014844 0.060937
0 0.012500 0.027344 0.025000 0.053906
0 0.010937 0.027344 0.021094 0.054688
0 0.010937 0.025781 0.021875 0.051562
0 0.011719 0.028125 0.023438 0.056250
0 0.013281 0.035156 0.026562 0.070312
0 0.010937 0.027344 0.021875 0.054688
0 0.010156 0.023438 0.020313 0.046875
0 0.007812 0.024219 0.015625 0.048438
0 0.009375 0.023438 0.018750 0.046875
0 0.010156 0.024219 0.020313 0.048438
0 0.010937 0.024219 0.021875 0.048438
0 0.009375 0.019531 0.018750 0.039062
0 0.005469 0.021875 0.010937 0.043750
0 0.005469 0.017969 0.010937 0.035937
0 0.010937 0.020313 0.021875 0.040625
0 0.007031 0.015625 0.014063 0.031250
0 0.010937 0.025000 0.021875 0.050000
0 0.010156 0.019531 0.020313 0.039062
0 0.008594 0.017969 0.017188 0.035937
0 0.013281 0.030469 0.026562 0.060937
0 0.010937 0.032031 0.021875 0.064062
0 0.021875 0.043750 0.043750 0.087500
0 0.011719 0.032031 0.023438 0.064062
0 0.007031 0.031250 0.014063 0.062500
0 0.007031 0.040625 0.014063 0.080469
0 0.011719 0.033594 0.022656 0.067187
0 0.007031 0.037500 0.014063 0.075000
0 0.007031 0.039062 0.014063 0.078125
0 0.007031 0.039062 0.013281 0.078125
0 0.007812 0.040625 0.015625 0.081250
0 0.005469 0.034375 0.010937 0.068750
0 0.005469 0.033594 0.010156 0.066406
0 0.012500 0.025781 0.025000 0.051562
0 0.005469 0.035156 0.010937 0.069531
0 0.006250 0.033594 0.012500 0.067187
0 0.003906 0.032031 0.007812 0.064062
0 0.007031 0.035937 0.014063 0.071875
0 0.010156 0.031250 0.020313 0.062500
0 0.007812 0.023438 0.015625 0.046875
0 0.004687 0.021094 0.009375 0.042188
0 0.007031 0.025000 0.014063 0.050000
0 0.010937 0.025781 0.021094 0.051562
0 0.010156 0.028125 0.020313 0.056250
0 0.012500 0.028906 0.024219 0.057813
0 0.010937 0.028125 0.021875 0.056250
0 0.011719 0.034375 0.022656 0.067969
0 0.009375 0.037500 0.017969 0.075000
0 0.010156 0.017969 0.020313 0.035937
0 0.010937 0.023438 0.021875 0.046875
0 0.014063 0.035937 0.028125 0.071875
0 0.010937 0.035937 0.021875 0.071875
0 0.016406 0.039844 0.032813 0.079687
0 0.010156 0.036719 0.020313 0.073438
0 0.017188 0.039844 0.034375 0.079687
0 0.014844 0.037500 0.029687 0.075000
0 0.011719 0.038281 0.023438 0.076563
0 0.011719 0.003125 0.023438 0.006250
0 0.006250 0.032813 0.012500 0.065625
0 0.006250 0.024219 0.012500 0.048438
0 0.010156 0.033594 0.019531 0.067187
0 0.010937 0.038281 0.021875 0.076563
0 0.012500 0.035156 0.024219 0.069531
0 0.007031 0.039844 0.014063 0.079687
0 0.013281 0.037500 0.025781 0.074219
0 0.010156 0.018750 0.020313 0.037500
0 0.010937 0.010937 0.021875 0.021094
0 0.014844 0.029687 0.029687 0.059375
0 0.003125 0.017969 0.006250 0.035937
0 0.007812 0.014844 0.015625 0.029687
0 0.009375 0.017969 0.018750 0.035937
0 0.011719 0.016406 0.022656 0.032813
0 0.008594 0.010156 0.017188 0.020313
0 0.008594 0.017969 0.016406 0.035156
0 0.009375 0.039062 0.018750 0.078125
0 0.010937 0.018750 0.021875 0.037500
0 0.010156 0.039062 0.020313 0.077344
0 0.009375 0.040625 0.018750 0.081250
0 0.011719 0.024219 0.022656 0.048438
0 0.011719 0.023438 0.023438 0.046875
0 0.007812 0.021875 0.015625 0.043750
0 0.007812 0.031250 0.015625 0.062500
0 0.006250 0.032031 0.012500 0.064062
0 0.008594 0.033594 0.017188 0.066406
0 0.015625 0.035937 0.031250 0.071875
0 0.012500 0.025000 0.025000 0.049219
0 0.009375 0.035156 0.018750 0.069531
0 0.008594 0.035156 0.017188 0.070312
0 0.013281 0.015625 0.026562 0.031250
0 0.014063 0.027344 0.028125 0.054688
0 0.020313 0.009375 0.040625 0.018750
0 0.010937 0.049219 0.021875 0.097656
0 0.015625 0.050781 0.030469 0.101562
0 0.014063 0.033594 0.028125 0.067187
0 0.012500 0.036719 0.024219 0.072656
0 0.014063 0.035156 0.028125 0.069531
0 0.012500 0.027344 0.025000 0.054688
0 0.010937 0.039062 0.021875 0.078125
0 0.009375 0.041406 0.018750 0.082031
0 0.008594 0.037500 0.017188 0.075000
0 0.006250 0.014844 0.012500 0.029687
0 0.010937 0.031250 0.021875 0.062500
