0 0.008594 0.028125 0.017188 0.056250
0 0.009375 0.025781 0.018750 0.051562
0 0.009375 0.026562 0.017969 0.052344
0 0.010156 0.028125 0.019531 0.056250
0 0.008594 0.029687 0.017188 0.059375
0 0.007812 0.025000 0.014844 0.050000
0 0.009375 0.032031 0.017969 0.064062
0 0.007031 0.026562 0.014063 0.053125
0 0.007031 0.028125 0.013281 0.056250
0 0.007812 0.023438 0.014844 0.046875
0 0.007812 0.025000 0.015625 0.050000
0 0.009375 0.023438 0.017969 0.046875
0 0.008594 0.023438 0.017188 0.046875
0 0.008594 0.021875 0.017188 0.043750
0 0.009375 0.022656 0.018750 0.045312
0 0.009375 0.026562 0.018750 0.053125
0 0.009375 0.025781 0.017969 0.051562
0 0.007812 0.029687 0.015625 0.059375
0 0.009375 0.029687 0.018750 0.059375
0 0.009375 0.029687 0.017969 0.059375
0 0.008594 0.030469 0.017188 0.060937
0 0.008594 0.025781 0.017188 0.051562
0 0.008594 0.028906 0.017188 0.057813
0 0.009375 0.031250 0.017969 0.062500
0 0.009375 0.030469 0.018750 0.060937
0 0.007031 0.028125 0.014063 0.056250
0 0.010156 0.032813 0.020313 0.065625
0 0.010156 0.033594 0.020313 0.067187
0 0.007031 0.029687 0.013281 0.059375
0 0.009375 0.028906 0.018750 0.057813
0 0.008594 0.028125 0.016406 0.056250
0 0.008594 0.028906 0.016406 0.057813
0 0.008594 0.032031 0.016406 0.064062
0 0.007031 0.027344 0.013281 0.054688
0 0.007812 0.024219 0.015625 0.048438
0 0.007031 0.023438 0.014063 0.046875
0 0.007812 0.028125 0.015625 0.056250
0 0.008594 0.027344 0.017188 0.054688
0 0.007812 0.026562 0.015625 0.053125
0 0.008594 0.026562 0.016406 0.053125
0 0.008594 0.027344 0.016406 0.054688
0 0.006250 0.028906 0.012500 0.057813
0 0.007812 0.028906 0.015625 0.057813
0 0.007812 0.030469 0.014844 0.060937
0 0.007031 0.031250 0.014063 0.062500
0 0.007812 0.024219 0.014844 0.048438
0 0.006250 0.022656 0.012500 0.045312
0 0.008594 0.024219 0.016406 0.048438
0 0.007812 0.022656 0.014844 0.045312
0 0.007812 0.035156 0.014844 0.070312
0 0.006250 0.033594 0.012500 0.067187
0 0.007812 0.032031 0.014844 0.064062
0 0.005469 0.031250 0.010937 0.061719
0 0.007031 0.033594 0.014063 0.067187
0 0.004687 0.029687 0.009375 0.059375
0 0.006250 0.031250 0.012500 0.061719
0 0.005469 0.030469 0.010156 0.060937
0 0.005469 0.032031 0.010937 0.064062
0 0.008594 0.021094 0.016406 0.042188
0 0.006250 0.030469 0.012500 0.060937
0 0.008594 0.029687 0.016406 0.059375
0 0.007812 0.020313 0.014844 0.040625
0 0.007812 0.019531 0.014844 0.039062
0 0.007812 0.021094 0.014844 0.042188
0 0.007031 0.019531 0.014063 0.039062
0 0.006250 0.020313 0.012500 0.040625
0 0.008594 0.021875 0.016406 0.043750
0 0.008594 0.024219 0.017188 0.048438
0 0.007031 0.024219 0.014063 0.048438
0 0.009375 0.023438 0.018750 0.046875
0 0.008594 0.032813 0.017188 0.065625
0 0.007812 0.025781 0.015625 0.051562
0 0.014844 0.021875 0.028906 0.043750
0 0.014844 0.022656 0.029687 0.045312
0 0.012500 0.021094 0.025000 0.042188
0 0.014063 0.026562 0.028125 0.052344
0 0.017188 0.025781 0.034375 0.051562
0 0.014844 0.028125 0.029687 0.056250
0 0.013281 0.028906 0.025781 0.057813
0 0.017969 0.027344 0.035937 0.054688
0 0.013281 0.021094 0.025781 0.042188
0 0.010156 0.029687 0.019531 0.059375
0 0.006250 0.032031 0.012500 0.064062
0 0.006250 0.032813 0.011719 0.064844
0 0.007812 0.031250 0.015625 0.062500
0 0.008594 0.026562 0.017188 0.053125
0 0.008594 0.031250 0.017188 0.062500
0 0.008594 0.029687 0.017188 0.058594
0 0.008594 0.032031 0.017188 0.064062
0 0.008594 0.030469 0.016406 0.060937
0 0.008594 0.025781 0.016406 0.051562
0 0.006250 0.023438 0.012500 0.046875
0 0.007812 0.022656 0.015625 0.045312
0 0.007031 0.032031 0.013281 0.064062
0 0.007812 0.029687 0.014844 0.059375
0 0.007812 0.021875 0.014844 0.043750
0 0.006250 0.033594 0.011719 0.067187
0 0.006250 0.032813 0.012500 0.065625
0 0.005469 0.033594 0.010156 0.067187
0 0.005469 0.033594 0.010937 0.067187
0 0.006250 0.017969 0.012500 0.035937
0 0.007812 0.017969 0.014844 0.035937
