0 0.007031 0.023438 0.014063 0.046875
0 0.007031 0.024219 0.014063 0.048438
0 0.003906 0.022656 0.007812 0.045312
0 0.006250 0.018750 0.011719 0.037500
0 0.007812 0.019531 0.015625 0.039062
0 0.005469 0.030469 0.010937 0.060937
0 0.015625 0.047656 0.030469 0.095312
0 0.013281 0.036719 0.025781 0.073438
0 0.006250 0.020313 0.011719 0.040625
0 0.006250 0.032031 0.012500 0.064062
0 0.005469 0.021094 0.010937 0.042188
0 0.017188 0.034375 0.034375 0.068750
0 0.006250 0.020313 0.012500 0.040625
0 0.005469 0.020313 0.010937 0.040625
0 0.005469 0.025000 0.010937 0.050000
0 0.005469 0.024219 0.010156 0.048438
0 0.005469 0.022656 0.010937 0.045312
0 0.007812 0.020313 0.015625 0.040625
0 0.012500 0.015625 0.024219 0.031250
0 0.009375 0.010937 0.017969 0.021875
0 0.008594 0.019531 0.016406 0.039062
0 0.008594 0.021094 0.016406 0.042188
0 0.007812 0.022656 0.015625 0.045312
0 0.006250 0.033594 0.011719 0.067187
0 0.013281 0.015625 0.026562 0.031250
0 0.004687 0.033594 0.009375 0.067187
0 0.009375 0.012500 0.018750 0.025000
0 0.015625 0.009375 0.031250 0.018750
0 0.007031 0.025000 0.013281 0.049219
0 0.006250 0.028125 0.011719 0.056250
0 0.006250 0.023438 0.012500 0.046875
0 0.007812 0.021875 0.015625 0.043750
0 0.006250 0.021875 0.012500 0.043750
0 0.007031 0.022656 0.013281 0.045312
0 0.014063 0.028906 0.028125 0.057813
0 0.013281 0.032813 0.026562 0.065625
0 0.015625 0.028125 0.031250 0.056250
0 0.014844 0.028906 0.029687 0.057813
0 0.008594 0.031250 0.017188 0.062500
0 0.008594 0.029687 0.017188 0.059375
0 0.019531 0.035937 0.039062 0.071875
0 0.007031 0.023438 0.013281 0.046875
0 0.007031 0.024219 0.013281 0.048438
0 0.006250 0.025000 0.012500 0.050000
0 0.004687 0.024219 0.009375 0.048438
0 0.006250 0.019531 0.011719 0.039062
0 0.005469 0.018750 0.010937 0.037500
0 0.006250 0.019531 0.012500 0.039062
0 0.023438 0.037500 0.046875 0.075000
0 0.027344 0.047656 0.053906 0.095312
0 0.005469 0.019531 0.010937 0.039062
0 0.005469 0.021875 0.010937 0.043750
0 0.006250 0.021875 0.011719 0.043750
0 0.023438 0.038281 0.046875 0.076563
0 0.012500 0.027344 0.025000 0.054688
0 0.010937 0.018750 0.021875 0.036719
0 0.014063 0.073438 0.028125 0.146094
0 0.003906 0.016406 0.007031 0.032813
0 0.003906 0.006250 0.007031 0.012500
0 0.004687 0.007031 0.008594 0.014063
0 0.005469 0.004687 0.010156 0.009375
0 0.007031 0.018750 0.013281 0.036719
0 0.005469 0.016406 0.010937 0.032813
0 0.013281 0.014063 0.026562 0.028125
0 0.007812 0.032813 0.014844 0.065625
0 0.013281 0.018750 0.026562 0.037500
0 0.006250 0.023438 0.011719 0.046875
0 0.007031 0.023438 0.013281 0.046094
0 0.006250 0.024219 0.011719 0.048438
0 0.005469 0.015625 0.010937 0.031250
0 0.006250 0.018750 0.012500 0.037500
0 0.007031 0.020313 0.013281 0.040625
0 0.006250 0.025781 0.012500 0.051562
0 0.007031 0.025000 0.014063 0.049219
0 0.006250 0.017188 0.012500 0.034375
0 0.004687 0.021875 0.008594 0.043750
0 0.006250 0.021094 0.012500 0.042188
0 0.003125 0.021875 0.006250 0.043750
0 0.004687 0.006250 0.009375 0.012500
0 0.007812 0.008594 0.015625 0.017188
0 0.005469 0.017969 0.010937 0.035937
0 0.004687 0.017969 0.008594 0.035937
0 0.008594 0.020313 0.017188 0.040625
0 0.003906 0.017969 0.007031 0.035937
0 0.005469 0.016406 0.010156 0.032813
