0 0.021094 0.009375 0.042188 0.018750
0 0.014844 0.007031 0.029687 0.014063
0 0.017969 0.005469 0.035156 0.010937
0 0.010156 0.005469 0.020313 0.010937
0 0.021875 0.005469 0.043750 0.010937
0 0.014063 0.005469 0.028125 0.010937
0 0.020313 0.006250 0.040625 0.012500
0 0.008594 0.003906 0.017188 0.007812
0 0.010937 0.004687 0.021875 0.009375
0 0.018750 0.008594 0.037500 0.017188
0 0.009375 0.010156 0.018750 0.020313
0 0.021875 0.007031 0.043750 0.014063
0 0.017969 0.006250 0.035937 0.012500
0 0.018750 0.007812 0.037500 0.015625
0 0.017969 0.008594 0.035156 0.016406
0 0.016406 0.005469 0.032813 0.010937
0 0.017188 0.007031 0.034375 0.014063
0 0.012500 0.009375 0.025000 0.018750
0 0.014063 0.004687 0.028125 0.009375
0 0.013281 0.006250 0.026562 0.012500
0 0.011719 0.005469 0.023438 0.010937
0 0.012500 0.006250 0.025000 0.012500
0 0.010937 0.005469 0.021875 0.010937
0 0.020313 0.008594 0.040625 0.016406
0 0.023438 0.013281 0.046875 0.025781
0 0.025000 0.008594 0.049219 0.016406
0 0.011719 0.004687 0.023438 0.009375
0 0.013281 0.006250 0.026562 0.011719
0 0.014063 0.007031 0.028125 0.014063
0 0.014844 0.010156 0.029687 0.020313
0 0.017188 0.009375 0.034375 0.018750
0 0.019531 0.010156 0.039062 0.019531
0 0.018750 0.012500 0.037500 0.025000
0 0.012500 0.008594 0.025000 0.017188
0 0.017969 0.011719 0.035937 0.023438
0 0.019531 0.011719 0.038281 0.023438
0 0.021875 0.013281 0.042969 0.025781
0 0.031250 0.007031 0.062500 0.014063
0 0.028906 0.009375 0.057813 0.018750
0 0.030469 0.007031 0.060156 0.013281
0 0.026562 0.007031 0.053125 0.014063
0 0.010156 0.007031 0.020313 0.013281
0 0.018750 0.007031 0.036719 0.014063
0 0.017969 0.008594 0.035937 0.017188
0 0.007812 0.007812 0.015625 0.015625
0 0.011719 0.015625 0.023438 0.030469
0 0.028906 0.008594 0.057813 0.017188
0 0.027344 0.010156 0.054688 0.020313
0 0.032031 0.008594 0.063281 0.017188
0 0.030469 0.010937 0.060937 0.021875
0 0.022656 0.009375 0.045312 0.018750
0 0.021875 0.008594 0.043750 0.017188
0 0.020313 0.009375 0.039844 0.018750
0 0.025781 0.011719 0.051562 0.023438
0 0.018750 0.010937 0.037500 0.021875
0 0.014063 0.006250 0.028125 0.011719
0 0.014063 0.005469 0.027344 0.010937
0 0.020313 0.012500 0.040625 0.025000
0 0.018750 0.007031 0.037500 0.014063
0 0.018750 0.005469 0.036719 0.010937
0 0.017969 0.007031 0.035937 0.014063
0 0.018750 0.006250 0.037500 0.012500
0 0.017188 0.007812 0.034375 0.015625
0 0.014844 0.006250 0.029687 0.012500
0 0.019531 0.009375 0.039062 0.018750
0 0.016406 0.005469 0.032031 0.010156
0 0.009375 0.009375 0.017969 0.018750
0 0.009375 0.007031 0.017969 0.014063
0 0.010156 0.010937 0.020313 0.021875
0 0.009375 0.006250 0.018750 0.012500
0 0.008594 0.006250 0.017188 0.012500
0 0.007812 0.010937 0.015625 0.021875
0 0.027344 0.013281 0.053906 0.026562
0 0.025781 0.005469 0.051562 0.010156
0 0.026562 0.011719 0.052344 0.022656
0 0.025781 0.007031 0.050781 0.014063
0 0.018750 0.010156 0.036719 0.020313
0 0.016406 0.007812 0.032813 0.015625
0 0.017969 0.009375 0.035937 0.018750
0 0.018750 0.002344 0.037500 0.004687
0 0.014063 0.007031 0.028125 0.013281
0 0.017969 0.005469 0.035937 0.010937
0 0.016406 0.006250 0.032813 0.012500
0 0.019531 0.006250 0.039062 0.012500
0 0.019531 0.003125 0.039062 0.006250
0 0.016406 0.002344 0.032813 0.004687
0 0.017188 0.002344 0.034375 0.004687
0 0.019531 0.005469 0.039062 0.010156
0 0.017969 0.004687 0.035937 0.009375
0 0.014063 0.010156 0.028125 0.020313
0 0.010937 0.009375 0.021875 0.018750
0 0.012500 0.010156 0.025000 0.020313
0 0.014063 0.007812 0.028125 0.015625
0 0.014844 0.012500 0.029687 0.025000
0 0.019531 0.025781 0.039062 0.051562
0 0.015625 0.007812 0.030469 0.014844
0 0.011719 0.007031 0.022656 0.013281
0 0.010937 0.006250 0.021875 0.012500
0 0.014063 0.006250 0.028125 0.012500
0 0.011719 0.005469 0.023438 0.010156
0 0.015625 0.008594 0.031250 0.016406
0 0.015625 0.012500 0.030469 0.025000
0 0.024219 0.011719 0.048438 0.022656
0 0.022656 0.013281 0.044531 0.026562
0 0.018750 0.014063 0.036719 0.028125
0 0.022656 0.011719 0.045312 0.023438
0 0.021094 0.013281 0.042188 0.026562
0 0.021875 0.014063 0.043750 0.028125
0 0.021094 0.014063 0.042188 0.028125
0 0.025000 0.018750 0.050000 0.037500
0 0.022656 0.017969 0.045312 0.035156
0 0.021875 0.017188 0.043750 0.034375
0 0.022656 0.019531 0.045312 0.039062
0 0.021875 0.019531 0.043750 0.039062
0 0.022656 0.018750 0.045312 0.037500
0 0.019531 0.014063 0.039062 0.028125
0 0.027344 0.006250 0.054688 0.012500
0 0.026562 0.007812 0.053125 0.015625
0 0.021875 0.009375 0.043750 0.018750
0 0.024219 0.005469 0.048438 0.010937
0 0.027344 0.007031 0.054688 0.014063
0 0.027344 0.007812 0.054688 0.015625
0 0.026562 0.004687 0.053125 0.009375
0 0.011719 0.019531 0.022656 0.038281
0 0.007812 0.012500 0.015625 0.025000
0 0.010937 0.012500 0.021875 0.025000
0 0.023438 0.013281 0.046875 0.026562
0 0.012500 0.013281 0.024219 0.025781
0 0.008594 0.012500 0.017188 0.025000
0 0.018750 0.014063 0.037500 0.028125
0 0.021094 0.010937 0.041406 0.021875
0 0.022656 0.014844 0.045312 0.029687
0 0.021875 0.010937 0.043750 0.021875
0 0.020313 0.014844 0.040625 0.029687
0 0.024219 0.011719 0.048438 0.023438
0 0.019531 0.014844 0.039062 0.029687
0 0.021094 0.012500 0.042188 0.025000
0 0.019531 0.013281 0.039062 0.025781
0 0.015625 0.009375 0.031250 0.018750
0 0.011719 0.008594 0.023438 0.017188
0 0.016406 0.010156 0.032813 0.020313
0 0.014844 0.008594 0.029687 0.017188
0 0.014844 0.009375 0.029687 0.018750
0 0.025781 0.008594 0.051562 0.017188
0 0.010156 0.006250 0.020313 0.012500
0 0.004687 0.011719 0.009375 0.023438
0 0.007812 0.012500 0.015625 0.024219
0 0.009375 0.012500 0.018750 0.025000
0 0.013281 0.010156 0.026562 0.020313
