0 0.010156 0.027344 0.020313 0.054688
0 0.008594 0.017969 0.017188 0.035937
0 0.010156 0.014063 0.019531 0.028125
0 0.010156 0.016406 0.019531 0.032031
0 0.007812 0.009375 0.014844 0.018750
0 0.007812 0.015625 0.015625 0.031250
0 0.006250 0.014063 0.012500 0.028125
0 0.009375 0.016406 0.017969 0.032813
0 0.007812 0.016406 0.015625 0.032813
0 0.010156 0.017188 0.019531 0.034375
0 0.011719 0.017969 0.023438 0.035156
0 0.010156 0.017969 0.020313 0.035937
0 0.006250 0.007031 0.011719 0.014063
0 0.003125 0.013281 0.006250 0.026562
0 0.015625 0.028125 0.031250 0.056250
0 0.010937 0.016406 0.021875 0.032813
0 0.014063 0.016406 0.028125 0.032813
0 0.014844 0.017188 0.028906 0.033594
0 0.013281 0.010937 0.025781 0.021094
0 0.011719 0.017969 0.023438 0.035937
0 0.011719 0.017188 0.023438 0.034375
0 0.009375 0.014844 0.017969 0.029687
0 0.007031 0.014063 0.014063 0.028125
0 0.010156 0.008594 0.020313 0.017188
0 0.010156 0.025781 0.020313 0.051562
0 0.014063 0.025000 0.027344 0.049219
0 0.013281 0.015625 0.025781 0.031250
0 0.010937 0.012500 0.021875 0.025000
0 0.013281 0.024219 0.026562 0.048438
0 0.014844 0.025781 0.028906 0.050781
0 0.005469 0.014063 0.010937 0.028125
0 0.006250 0.014063 0.012500 0.027344
0 0.010156 0.015625 0.020313 0.031250
0 0.014063 0.017969 0.028125 0.035156
0 0.014844 0.020313 0.029687 0.040625
0 0.012500 0.017969 0.024219 0.035937
0 0.006250 0.017969 0.012500 0.035937
0 0.004687 0.015625 0.009375 0.031250
0 0.004687 0.021094 0.009375 0.042188
0 0.006250 0.021875 0.012500 0.042969
0 0.007031 0.021094 0.013281 0.042188
0 0.007031 0.021094 0.014063 0.042188
0 0.007812 0.011719 0.014844 0.022656
0 0.008594 0.015625 0.016406 0.031250
0 0.008594 0.017969 0.017188 0.035156
0 0.014063 0.018750 0.028125 0.037500
0 0.007812 0.017188 0.015625 0.034375
0 0.014844 0.009375 0.029687 0.018750
0 0.013281 0.009375 0.026562 0.018750
0 0.013281 0.010937 0.026562 0.021094
0 0.013281 0.010937 0.026562 0.021875
0 0.009375 0.023438 0.017969 0.046875
0 0.007812 0.011719 0.015625 0.023438
0 0.009375 0.016406 0.018750 0.032813
0 0.008594 0.016406 0.017188 0.032813
0 0.014063 0.009375 0.028125 0.018750
0 0.015625 0.017969 0.031250 0.035937
0 0.014844 0.017188 0.029687 0.034375
0 0.010937 0.017969 0.021875 0.035937
0 0.004687 0.018750 0.009375 0.036719
0 0.005469 0.017969 0.010937 0.035937
0 0.007812 0.014844 0.015625 0.029687
0 0.008594 0.023438 0.017188 0.046875
0 0.008594 0.019531 0.016406 0.038281
0 0.007812 0.018750 0.015625 0.037500
0 0.007812 0.014063 0.014844 0.027344
0 0.007812 0.017188 0.014844 0.034375
0 0.003125 0.014063 0.006250 0.028125
0 0.014063 0.017188 0.028125 0.034375
0 0.007031 0.011719 0.014063 0.022656
0 0.007812 0.017969 0.015625 0.035156
0 0.006250 0.018750 0.012500 0.037500
0 0.004687 0.017188 0.009375 0.034375
0 0.012500 0.014063 0.025000 0.027344
0 0.013281 0.014063 0.026562 0.028125
0 0.010156 0.017188 0.019531 0.033594
0 0.014844 0.016406 0.029687 0.032813
0 0.012500 0.014844 0.025000 0.029687
0 0.014844 0.017188 0.028906 0.034375
0 0.013281 0.017188 0.026562 0.034375
0 0.012500 0.014063 0.024219 0.028125
0 0.012500 0.010937 0.025000 0.021875
0 0.009375 0.009375 0.018750 0.018750
0 0.012500 0.011719 0.025000 0.023438
0 0.007031 0.015625 0.013281 0.030469
0 0.010937 0.008594 0.021875 0.017188
0 0.007031 0.011719 0.013281 0.023438
0 0.008594 0.014844 0.016406 0.029687
0 0.012500 0.016406 0.024219 0.032813
0 0.014844 0.015625 0.029687 0.031250
0 0.012500 0.015625 0.025000 0.031250
0 0.008594 0.006250 0.017188 0.012500
0 0.008594 0.007812 0.016406 0.014844
0 0.010937 0.011719 0.021094 0.022656
0 0.010937 0.008594 0.021094 0.016406
0 0.010937 0.007812 0.021094 0.014844
0 0.010156 0.007031 0.020313 0.014063
0 0.012500 0.010937 0.024219 0.021875
0 0.010156 0.008594 0.020313 0.016406
0 0.007812 0.020313 0.015625 0.040625
0 0.010156 0.007812 0.020313 0.015625
