0 0.007031 0.029687 0.014063 0.059375
0 0.006250 0.021094 0.012500 0.042188
0 0.004687 0.019531 0.009375 0.039062
0 0.006250 0.018750 0.011719 0.037500
0 0.014063 0.032813 0.027344 0.065625
0 0.011719 0.031250 0.023438 0.062500
0 0.009375 0.028906 0.018750 0.057813
0 0.011719 0.014063 0.023438 0.027344
0 0.007031 0.018750 0.013281 0.037500
0 0.026562 0.022656 0.052344 0.045312
0 0.007812 0.019531 0.015625 0.039062
0 0.004687 0.025781 0.009375 0.051562
0 0.003906 0.026562 0.007031 0.053125
0 0.005469 0.026562 0.010937 0.053125
0 0.006250 0.022656 0.012500 0.045312
0 0.005469 0.022656 0.010937 0.045312
0 0.006250 0.024219 0.012500 0.048438
0 0.005469 0.024219 0.010937 0.048438
0 0.007031 0.023438 0.013281 0.046875
0 0.007031 0.023438 0.014063 0.046875
0 0.006250 0.027344 0.011719 0.054688
0 0.008594 0.026562 0.017188 0.053125
0 0.008594 0.029687 0.017188 0.059375
0 0.008594 0.031250 0.016406 0.061719
0 0.009375 0.031250 0.018750 0.062500
0 0.010156 0.029687 0.019531 0.059375
0 0.008594 0.031250 0.016406 0.062500
0 0.009375 0.029687 0.018750 0.059375
0 0.005469 0.020313 0.010156 0.040625
0 0.006250 0.020313 0.012500 0.040625
0 0.007812 0.024219 0.014844 0.048438
0 0.007031 0.025000 0.013281 0.049219
0 0.004687 0.017188 0.009375 0.034375
0 0.003906 0.029687 0.007031 0.059375
0 0.003906 0.029687 0.007812 0.059375
0 0.004687 0.027344 0.009375 0.054688
0 0.007031 0.025781 0.014063 0.051562
0 0.004687 0.028125 0.009375 0.055469
0 0.005469 0.026562 0.010156 0.053125
0 0.006250 0.031250 0.012500 0.062500
0 0.007031 0.032813 0.013281 0.064844
0 0.007031 0.030469 0.014063 0.060937
0 0.007031 0.028125 0.014063 0.056250
0 0.007812 0.030469 0.015625 0.060937
0 0.006250 0.021875 0.012500 0.043750
0 0.007812 0.027344 0.015625 0.054688
0 0.007031 0.028906 0.014063 0.057813
0 0.010156 0.032031 0.019531 0.064062
0 0.010156 0.033594 0.019531 0.067187
0 0.007812 0.032031 0.014844 0.064062
0 0.010937 0.033594 0.021094 0.067187
0 0.006250 0.027344 0.012500 0.054688
0 0.007031 0.011719 0.013281 0.023438
0 0.007031 0.015625 0.014063 0.031250
0 0.008594 0.030469 0.016406 0.060937
0 0.007812 0.024219 0.015625 0.048438
0 0.005469 0.029687 0.010937 0.059375
0 0.005469 0.019531 0.010937 0.039062
0 0.007812 0.023438 0.015625 0.046875
0 0.008594 0.021875 0.017188 0.043750
0 0.007812 0.028125 0.015625 0.056250
0 0.009375 0.025000 0.017969 0.050000
0 0.010156 0.021875 0.020313 0.043750
0 0.009375 0.023438 0.018750 0.046875
0 0.005469 0.028125 0.010937 0.056250
0 0.004687 0.021875 0.009375 0.043750
0 0.007031 0.017188 0.013281 0.033594
0 0.007031 0.025000 0.014063 0.050000
0 0.007031 0.024219 0.014063 0.048438
0 0.004687 0.022656 0.009375 0.045312
0 0.007812 0.020313 0.015625 0.040625
0 0.006250 0.021094 0.011719 0.042188
0 0.006250 0.015625 0.012500 0.031250
0 0.006250 0.032031 0.012500 0.064062
0 0.009375 0.027344 0.018750 0.054688
0 0.007812 0.025000 0.015625 0.050000
0 0.007031 0.026562 0.014063 0.053125
0 0.006250 0.023438 0.012500 0.046875
0 0.011719 0.023438 0.023438 0.046875
0 0.010156 0.020313 0.019531 0.040625
0 0.008594 0.029687 0.016406 0.058594
0 0.007812 0.025781 0.015625 0.051562
0 0.009375 0.021094 0.017969 0.042188
0 0.008594 0.025781 0.017188 0.051562
0 0.007812 0.021875 0.015625 0.043750
0 0.007031 0.021875 0.014063 0.043750
0 0.006250 0.025000 0.012500 0.050000
0 0.007812 0.021875 0.014844 0.043750
0 0.004687 0.015625 0.009375 0.031250
0 0.005469 0.028125 0.010156 0.056250
0 0.009375 0.032031 0.017969 0.064062
0 0.006250 0.021875 0.012500 0.042969
0 0.005469 0.023438 0.010937 0.046875
0 0.007031 0.020313 0.013281 0.040625
0 0.006250 0.021875 0.011719 0.043750
0 0.003906 0.024219 0.007812 0.048438
0 0.010937 0.031250 0.021875 0.062500
0 0.007031 0.021875 0.013281 0.043750
0 0.005469 0.021094 0.010937 0.042188
0 0.007812 0.025781 0.014844 0.051562
0 0.003906 0.019531 0.007812 0.039062
0 0.004687 0.023438 0.009375 0.046875
0 0.005469 0.029687 0.010937 0.058594
0 0.007031 0.019531 0.014063 0.039062
0 0.007031 0.028125 0.014063 0.055469
0 0.010937 0.029687 0.021875 0.059375
0 0.010937 0.032031 0.021094 0.064062
0 0.008594 0.027344 0.017188 0.054688
0 0.002344 0.030469 0.004687 0.060937
0 0.003125 0.025000 0.006250 0.050000
0 0.003125 0.027344 0.006250 0.054688
0 0.003906 0.026562 0.007812 0.053125
0 0.007031 0.032031 0.014063 0.064062
0 0.009375 0.029687 0.017969 0.059375
0 0.010156 0.028125 0.020313 0.056250
0 0.007812 0.018750 0.014844 0.037500
0 0.007031 0.025781 0.013281 0.051562
0 0.007812 0.022656 0.015625 0.045312
0 0.007812 0.021094 0.015625 0.042188
0 0.009375 0.021875 0.018750 0.043750
0 0.009375 0.022656 0.017969 0.045312
0 0.007812 0.029687 0.014844 0.059375
0 0.007031 0.021094 0.014063 0.042188
0 0.007812 0.027344 0.014844 0.054688
0 0.011719 0.031250 0.022656 0.062500
0 0.007812 0.032031 0.015625 0.064062
0 0.004687 0.021094 0.009375 0.042188
0 0.005469 0.021875 0.010937 0.043750
0 0.005469 0.023438 0.010156 0.046875
