0 0.005469 0.007812 0.010156 0.015625
0 0.010156 0.045312 0.020313 0.090625
0 0.015625 0.027344 0.031250 0.054688
0 0.005469 0.015625 0.010937 0.031250
0 0.003906 0.020313 0.007812 0.040625
0 0.007812 0.014063 0.015625 0.028125
0 0.013281 0.018750 0.026562 0.036719
0 0.012500 0.017969 0.025000 0.035937
0 0.005469 0.011719 0.010156 0.023438
0 0.006250 0.010937 0.011719 0.021094
0 0.007031 0.004687 0.014063 0.009375
0 0.010937 0.007812 0.021875 0.015625
0 0.010156 0.007812 0.020313 0.015625
0 0.008594 0.007031 0.017188 0.014063
0 0.012500 0.010937 0.025000 0.021875
0 0.011719 0.017188 0.022656 0.033594
0 0.003906 0.019531 0.007812 0.039062
0 0.004687 0.019531 0.009375 0.039062
0 0.010937 0.025781 0.021875 0.051562
0 0.005469 0.019531 0.010937 0.039062
0 0.004687 0.022656 0.009375 0.045312
0 0.004687 0.025000 0.009375 0.050000
0 0.008594 0.017969 0.017188 0.035937
0 0.005469 0.020313 0.010937 0.040625
0 0.005469 0.014844 0.010937 0.029687
0 0.007812 0.021094 0.015625 0.042188
0 0.011719 0.008594 0.023438 0.017188
0 0.003906 0.003906 0.007031 0.007812
0 0.003906 0.013281 0.007812 0.025781
0 0.004687 0.012500 0.009375 0.025000
0 0.005469 0.005469 0.010937 0.010937
0 0.006250 0.015625 0.012500 0.031250
0 0.006250 0.020313 0.012500 0.040625
0 0.007031 0.020313 0.013281 0.040625
0 0.003125 0.010156 0.006250 0.019531
0 0.003906 0.010156 0.007812 0.019531
0 0.003906 0.010156 0.007031 0.019531
0 0.004687 0.009375 0.009375 0.018750
0 0.007812 0.017969 0.015625 0.035937
0 0.008594 0.017969 0.016406 0.035937
0 0.003906 0.025781 0.007812 0.051562
0 0.005469 0.025781 0.010156 0.050781
0 0.007031 0.017969 0.014063 0.035937
0 0.003906 0.014063 0.007031 0.028125
0 0.003125 0.014063 0.006250 0.028125
0 0.003125 0.017188 0.006250 0.034375
0 0.003906 0.011719 0.007812 0.023438
0 0.005469 0.025000 0.010156 0.050000
0 0.004687 0.025781 0.009375 0.051562
0 0.003906 0.012500 0.007812 0.025000
0 0.007812 0.005469 0.014844 0.010937
0 0.007812 0.005469 0.015625 0.010156
0 0.006250 0.025781 0.012500 0.051562
0 0.006250 0.018750 0.012500 0.037500
0 0.005469 0.014063 0.010937 0.027344
0 0.006250 0.019531 0.012500 0.038281
0 0.003906 0.012500 0.007031 0.025000
0 0.005469 0.021094 0.010937 0.042188
0 0.003125 0.024219 0.006250 0.048438
0 0.010156 0.015625 0.020313 0.031250
0 0.010156 0.013281 0.020313 0.026562
0 0.010937 0.017969 0.021875 0.035937
0 0.007812 0.022656 0.015625 0.045312
0 0.006250 0.021875 0.012500 0.043750
0 0.007031 0.021094 0.014063 0.042188
0 0.003125 0.017969 0.006250 0.035156
0 0.003906 0.024219 0.007812 0.048438
0 0.003906 0.013281 0.007031 0.026562
0 0.003125 0.013281 0.006250 0.026562
0 0.003125 0.003906 0.005469 0.007031
0 0.010156 0.007812 0.019531 0.015625
0 0.006250 0.021094 0.012500 0.042188
0 0.006250 0.014063 0.011719 0.028125
0 0.007812 0.025781 0.015625 0.050781
0 0.008594 0.021875 0.016406 0.043750
0 0.004687 0.013281 0.009375 0.026562
0 0.006250 0.006250 0.011719 0.011719
0 0.006250 0.013281 0.012500 0.026562
0 0.006250 0.012500 0.012500 0.025000
0 0.005469 0.013281 0.010937 0.026562
0 0.006250 0.017188 0.012500 0.034375
0 0.005469 0.014063 0.010937 0.028125
0 0.006250 0.017188 0.012500 0.033594
0 0.006250 0.007812 0.012500 0.015625
0 0.006250 0.023438 0.012500 0.046875
0 0.006250 0.024219 0.012500 0.048438
0 0.004687 0.021094 0.009375 0.042188
0 0.003906 0.019531 0.007812 0.038281
0 0.009375 0.018750 0.018750 0.037500
0 0.007812 0.019531 0.015625 0.039062
0 0.008594 0.020313 0.017188 0.040625
0 0.008594 0.017969 0.016406 0.035156
0 0.003125 0.012500 0.005469 0.025000
0 0.007031 0.019531 0.014063 0.039062
0 0.003125 0.012500 0.006250 0.025000
0 0.010937 0.026562 0.021875 0.052344
0 0.010156 0.024219 0.020313 0.048438
0 0.008594 0.021875 0.017188 0.043750
0 0.011719 0.016406 0.023438 0.032813
0 0.011719 0.009375 0.023438 0.018750
0 0.003125 0.007812 0.006250 0.015625
0 0.006250 0.016406 0.012500 0.032813
0 0.009375 0.022656 0.018750 0.045312
0 0.005469 0.010937 0.010937 0.021875
0 0.008594 0.013281 0.016406 0.026562
0 0.007031 0.014063 0.014063 0.028125
0 0.004687 0.014844 0.009375 0.029687
0 0.005469 0.017188 0.010156 0.034375
0 0.004687 0.016406 0.009375 0.032813
0 0.007031 0.010156 0.014063 0.020313
0 0.007031 0.009375 0.014063 0.018750
0 0.008594 0.021094 0.017188 0.042188
0 0.007031 0.017188 0.014063 0.034375
0 0.014844 0.014063 0.029687 0.028125
0 0.010156 0.023438 0.019531 0.046875
0 0.010937 0.024219 0.021875 0.048438
0 0.007812 0.006250 0.015625 0.012500
0 0.004687 0.010937 0.009375 0.021094
0 0.005469 0.007812 0.010937 0.015625
0 0.006250 0.007031 0.012500 0.014063
0 0.002344 0.010937 0.004687 0.021875
0 0.003906 0.009375 0.007812 0.018750
0 0.009375 0.024219 0.017969 0.048438
0 0.008594 0.022656 0.017188 0.045312
0 0.008594 0.031250 0.017188 0.062500
0 0.009375 0.028906 0.017969 0.057813
0 0.009375 0.034375 0.017969 0.068750
0 0.007812 0.035156 0.015625 0.070312
0 0.010156 0.040625 0.020313 0.081250
0 0.005469 0.039062 0.010937 0.078125
0 0.009375 0.003125 0.018750 0.006250
0 0.005469 0.012500 0.010937 0.025000
0 0.003125 0.011719 0.006250 0.022656
0 0.008594 0.011719 0.016406 0.022656
0 0.008594 0.017188 0.017188 0.034375
0 0.010937 0.023438 0.021094 0.046875
0 0.010156 0.003906 0.020313 0.007812
0 0.010156 0.006250 0.020313 0.011719
