0 0.013281 0.014063 0.026562 0.028125
0 0.011719 0.014063 0.023438 0.028125
0 0.012500 0.014063 0.025000 0.028125
0 0.014063 0.014844 0.028125 0.029687
0 0.013281 0.016406 0.026562 0.032813
0 0.010156 0.052344 0.020313 0.104688
0 0.014063 0.017188 0.027344 0.034375
0 0.014844 0.015625 0.028906 0.031250
0 0.014063 0.015625 0.028125 0.031250
0 0.012500 0.014844 0.025000 0.029687
0 0.011719 0.015625 0.023438 0.031250
0 0.012500 0.051562 0.025000 0.103125
0 0.012500 0.017188 0.025000 0.034375
0 0.012500 0.016406 0.025000 0.032031
0 0.012500 0.018750 0.025000 0.037500
0 0.008594 0.014844 0.017188 0.029687
0 0.012500 0.017969 0.024219 0.035937
0 0.009375 0.015625 0.018750 0.031250
0 0.009375 0.014063 0.018750 0.028125
0 0.009375 0.014844 0.018750 0.029687
0 0.012500 0.014063 0.024219 0.028125
0 0.010156 0.014063 0.020313 0.028125
0 0.011719 0.016406 0.023438 0.032813
0 0.010156 0.016406 0.020313 0.032031
0 0.014063 0.014063 0.028125 0.028125
0 0.013281 0.014844 0.026562 0.029687
0 0.014063 0.015625 0.027344 0.031250
0 0.005469 0.013281 0.010937 0.026562
0 0.013281 0.017188 0.026562 0.034375
0 0.010937 0.047656 0.021094 0.095312
0 0.010937 0.046094 0.021875 0.092188
0 0.010937 0.046094 0.021875 0.091406
0 0.013281 0.046094 0.026562 0.092188
0 0.006250 0.041406 0.012500 0.082031
0 0.011719 0.046094 0.023438 0.092188
0 0.012500 0.048438 0.025000 0.096875
0 0.011719 0.046875 0.023438 0.093750
0 0.010156 0.047656 0.019531 0.095312
0 0.011719 0.046875 0.022656 0.093750
0 0.011719 0.046094 0.022656 0.091406
0 0.011719 0.043750 0.022656 0.087500
0 0.010156 0.043750 0.020313 0.087500
0 0.014063 0.014063 0.027344 0.028125
0 0.012500 0.044531 0.025000 0.088281
0 0.006250 0.044531 0.012500 0.088281
0 0.012500 0.042969 0.025000 0.085938
0 0.012500 0.014844 0.025000 0.028906
0 0.012500 0.015625 0.025000 0.031250
0 0.014063 0.014844 0.027344 0.029687
0 0.013281 0.015625 0.026562 0.031250
0 0.013281 0.014844 0.026562 0.028906
0 0.014063 0.016406 0.028125 0.032813
0 0.012500 0.013281 0.025000 0.026562
0 0.014063 0.012500 0.028125 0.025000
0 0.013281 0.014844 0.025781 0.029687
0 0.012500 0.016406 0.025000 0.032813
0 0.006250 0.009375 0.012500 0.018750
0 0.013281 0.015625 0.025781 0.031250
0 0.006250 0.015625 0.011719 0.031250
0 0.007031 0.041406 0.014063 0.082812
0 0.007031 0.040625 0.014063 0.081250
0 0.011719 0.045312 0.022656 0.090625
0 0.006250 0.041406 0.012500 0.082812
0 0.011719 0.042969 0.023438 0.085938
0 0.010156 0.043750 0.020313 0.086719
0 0.006250 0.014844 0.011719 0.028906
0 0.005469 0.010937 0.010937 0.021875
0 0.007031 0.013281 0.013281 0.025781
0 0.004687 0.011719 0.009375 0.023438
0 0.006250 0.012500 0.012500 0.024219
0 0.006250 0.011719 0.012500 0.023438
0 0.006250 0.011719 0.011719 0.022656
0 0.007031 0.014844 0.014063 0.029687
0 0.006250 0.013281 0.012500 0.026562
0 0.005469 0.011719 0.010937 0.023438
0 0.006250 0.010937 0.012500 0.021875
0 0.007031 0.013281 0.014063 0.026562
0 0.006250 0.011719 0.011719 0.023438
0 0.004687 0.009375 0.009375 0.018750
0 0.005469 0.012500 0.010937 0.025000
0 0.005469 0.010156 0.010937 0.019531
0 0.006250 0.010937 0.011719 0.021875
0 0.006250 0.010156 0.012500 0.019531
0 0.005469 0.010156 0.010937 0.020313
0 0.004687 0.006250 0.009375 0.011719
0 0.006250 0.010937 0.012500 0.021094
0 0.006250 0.014063 0.012500 0.028125
0 0.010156 0.045312 0.020313 0.089844
0 0.010937 0.043750 0.021875 0.087500
