0 0.016406 0.025000 0.032031 0.049219
0 0.010156 0.025000 0.020313 0.050000
0 0.010937 0.026562 0.021875 0.053125
0 0.011719 0.023438 0.023438 0.046875
0 0.005469 0.012500 0.010937 0.025000
0 0.013281 0.021094 0.026562 0.042188
0 0.012500 0.020313 0.025000 0.040625
0 0.014844 0.026562 0.029687 0.053125
0 0.011719 0.025000 0.023438 0.049219
0 0.009375 0.007031 0.018750 0.014063
0 0.006250 0.015625 0.012500 0.031250
0 0.009375 0.007812 0.018750 0.015625
0 0.003906 0.014063 0.007812 0.028125
0 0.012500 0.024219 0.025000 0.048438
0 0.005469 0.013281 0.010937 0.026562
0 0.004687 0.012500 0.009375 0.025000
0 0.010156 0.009375 0.020313 0.017969
0 0.009375 0.014063 0.018750 0.028125
0 0.010937 0.009375 0.021875 0.017969
0 0.009375 0.014844 0.018750 0.029687
0 0.011719 0.012500 0.023438 0.025000
0 0.006250 0.014844 0.012500 0.029687
0 0.006250 0.012500 0.011719 0.025000
0 0.007812 0.012500 0.015625 0.025000
0 0.008594 0.011719 0.017188 0.023438
0 0.012500 0.011719 0.024219 0.023438
0 0.013281 0.024219 0.026562 0.048438
0 0.007812 0.032031 0.015625 0.064062
0 0.009375 0.019531 0.018750 0.039062
0 0.007031 0.032813 0.014063 0.065625
0 0.008594 0.032031 0.017188 0.064062
0 0.009375 0.032031 0.018750 0.064062
0 0.008594 0.033594 0.017188 0.067187
0 0.009375 0.034375 0.018750 0.067969
0 0.007031 0.010937 0.014063 0.021875
0 0.007812 0.033594 0.015625 0.067187
0 0.010156 0.032813 0.020313 0.065625
0 0.007031 0.034375 0.014063 0.067969
0 0.008594 0.032031 0.016406 0.064062
0 0.007031 0.033594 0.014063 0.066406
0 0.005469 0.032813 0.010937 0.065625
0 0.007812 0.021875 0.015625 0.043750
0 0.007031 0.032813 0.013281 0.065625
0 0.014844 0.026562 0.029687 0.052344
0 0.017969 0.026562 0.035156 0.053125
0 0.015625 0.026562 0.031250 0.053125
0 0.015625 0.025000 0.031250 0.050000
0 0.010156 0.026562 0.020313 0.052344
0 0.010937 0.025781 0.021875 0.051562
0 0.014844 0.025781 0.029687 0.051562
0 0.014063 0.026562 0.028125 0.053125
0 0.016406 0.025781 0.032813 0.051562
0 0.013281 0.021875 0.026562 0.043750
0 0.025000 0.030469 0.050000 0.060937
0 0.007031 0.009375 0.014063 0.018750
0 0.009375 0.039062 0.018750 0.078125
0 0.010937 0.011719 0.021875 0.023438
0 0.010937 0.032031 0.021875 0.064062
0 0.008594 0.030469 0.017188 0.060156
0 0.028906 0.035156 0.057813 0.069531
0 0.008594 0.035937 0.017188 0.071094
0 0.010156 0.033594 0.020313 0.067187
0 0.007031 0.034375 0.014063 0.068750
0 0.008594 0.035156 0.017188 0.069531
0 0.007031 0.033594 0.014063 0.067187
0 0.005469 0.034375 0.010156 0.067969
0 0.009375 0.036719 0.017969 0.073438
0 0.007812 0.034375 0.015625 0.068750
0 0.008594 0.034375 0.017188 0.067969
0 0.011719 0.034375 0.022656 0.068750
0 0.009375 0.035937 0.018750 0.071875
0 0.009375 0.033594 0.017969 0.066406
0 0.009375 0.032031 0.017969 0.064062
0 0.008594 0.031250 0.016406 0.062500
0 0.007812 0.032813 0.015625 0.065625
0 0.009375 0.031250 0.018750 0.062500
0 0.006250 0.026562 0.012500 0.053125
0 0.008594 0.037500 0.017188 0.075000
0 0.008594 0.028125 0.016406 0.056250
0 0.010937 0.035156 0.021094 0.070312
0 0.008594 0.035156 0.016406 0.069531
0 0.008594 0.035156 0.016406 0.070312
0 0.007812 0.007031 0.015625 0.014063
0 0.007031 0.004687 0.013281 0.009375
0 0.008594 0.037500 0.016406 0.074219
0 0.010937 0.036719 0.021875 0.072656
0 0.007812 0.035937 0.015625 0.071875
0 0.010937 0.036719 0.021875 0.073438
0 0.010156 0.036719 0.020313 0.072656
0 0.010156 0.035937 0.020313 0.071094
0 0.010156 0.034375 0.020313 0.068750
0 0.010156 0.039062 0.020313 0.078125
0 0.007812 0.039844 0.015625 0.079687
0 0.008594 0.040625 0.017188 0.081250
0 0.010937 0.042969 0.021875 0.085156
0 0.007031 0.039844 0.014063 0.079687
0 0.008594 0.039062 0.017188 0.078125
0 0.008594 0.039062 0.016406 0.078125
0 0.009375 0.039844 0.018750 0.079687
0 0.007031 0.040625 0.014063 0.080469
0 0.008594 0.038281 0.017188 0.076563
0 0.010937 0.042188 0.021875 0.083594
0 0.011719 0.041406 0.023438 0.082031
0 0.007812 0.036719 0.015625 0.073438
0 0.006250 0.038281 0.012500 0.076563
0 0.010156 0.035156 0.020313 0.070312
0 0.009375 0.038281 0.018750 0.076563
0 0.028125 0.034375 0.056250 0.067969
