0 0.008594 0.035937 0.016406 0.071094
0 0.008594 0.032031 0.017188 0.064062
0 0.007812 0.032813 0.015625 0.065625
0 0.007031 0.015625 0.013281 0.031250
0 0.009375 0.034375 0.017969 0.067969
0 0.007812 0.033594 0.015625 0.067187
0 0.007031 0.014063 0.014063 0.028125
0 0.005469 0.011719 0.010937 0.023438
0 0.011719 0.032813 0.022656 0.064844
0 0.014063 0.035156 0.028125 0.069531
0 0.007812 0.021875 0.015625 0.043750
0 0.006250 0.023438 0.012500 0.046875
0 0.010937 0.032031 0.021875 0.064062
0 0.012500 0.021875 0.025000 0.043750
0 0.014063 0.011719 0.028125 0.023438
0 0.010937 0.018750 0.021875 0.037500
0 0.009375 0.039062 0.018750 0.078125
0 0.008594 0.037500 0.017188 0.075000
0 0.007031 0.039844 0.014063 0.079687
0 0.007031 0.042188 0.014063 0.084375
0 0.007812 0.039844 0.015625 0.079687
0 0.010156 0.026562 0.020313 0.053125
0 0.007812 0.034375 0.015625 0.068750
0 0.006250 0.035937 0.012500 0.071875
0 0.007812 0.042188 0.015625 0.084375
0 0.014063 0.033594 0.027344 0.066406
0 0.010937 0.035937 0.021875 0.071875
0 0.010156 0.041406 0.019531 0.082812
0 0.008594 0.039844 0.017188 0.079687
0 0.008594 0.025000 0.016406 0.049219
0 0.012500 0.023438 0.025000 0.046875
0 0.009375 0.024219 0.018750 0.048438
0 0.012500 0.023438 0.025000 0.046094
0 0.010156 0.024219 0.020313 0.047656
0 0.010156 0.028125 0.020313 0.056250
0 0.010156 0.023438 0.020313 0.046875
0 0.016406 0.024219 0.032813 0.048438
0 0.010937 0.034375 0.021875 0.068750
0 0.007031 0.033594 0.014063 0.067187
0 0.006250 0.033594 0.012500 0.067187
0 0.006250 0.039844 0.012500 0.079687
0 0.006250 0.039062 0.012500 0.078125
0 0.005469 0.032031 0.010937 0.063281
0 0.006250 0.034375 0.012500 0.068750
0 0.009375 0.024219 0.018750 0.047656
0 0.011719 0.039062 0.023438 0.078125
0 0.012500 0.026562 0.024219 0.052344
0 0.008594 0.025781 0.016406 0.051562
0 0.010937 0.042188 0.021094 0.083594
0 0.014844 0.007812 0.029687 0.015625
0 0.017969 0.012500 0.035937 0.025000
0 0.015625 0.010937 0.031250 0.021094
0 0.010156 0.039844 0.020313 0.079687
0 0.009375 0.039844 0.018750 0.079687
0 0.010156 0.041406 0.020313 0.082812
0 0.009375 0.038281 0.017969 0.076563
0 0.010937 0.038281 0.021875 0.075781
0 0.007812 0.038281 0.014844 0.076563
0 0.010156 0.036719 0.020313 0.073438
0 0.008594 0.034375 0.016406 0.068750
0 0.009375 0.035156 0.018750 0.070312
0 0.012500 0.025000 0.025000 0.050000
0 0.009375 0.025781 0.018750 0.051562
0 0.010937 0.032031 0.021875 0.063281
0 0.010937 0.013281 0.021875 0.026562
0 0.010937 0.019531 0.021875 0.039062
0 0.012500 0.003125 0.025000 0.006250
0 0.014063 0.005469 0.028125 0.010937
0 0.004687 0.019531 0.009375 0.039062
0 0.006250 0.018750 0.012500 0.036719
0 0.014844 0.003906 0.028906 0.007031
0 0.014844 0.003906 0.029687 0.007812
0 0.011719 0.003125 0.023438 0.005469
0 0.014844 0.004687 0.029687 0.009375
0 0.011719 0.035156 0.023438 0.069531
0 0.003125 0.006250 0.006250 0.011719
0 0.003906 0.010156 0.007812 0.020313
0 0.002344 0.009375 0.004687 0.018750
0 0.004687 0.015625 0.009375 0.031250
0 0.010156 0.016406 0.019531 0.032813
0 0.005469 0.021094 0.010937 0.042188
0 0.009375 0.033594 0.018750 0.067187
0 0.013281 0.006250 0.026562 0.012500
0 0.007031 0.033594 0.014063 0.066406
0 0.013281 0.002344 0.026562 0.004687
0 0.012500 0.005469 0.025000 0.010937
0 0.009375 0.035937 0.018750 0.071094
0 0.007031 0.041406 0.014063 0.082812
0 0.007031 0.035937 0.014063 0.071875
0 0.005469 0.039062 0.010937 0.078125
0 0.010937 0.031250 0.021875 0.062500
0 0.008594 0.036719 0.017188 0.073438
0 0.010156 0.034375 0.020313 0.068750
0 0.009375 0.040625 0.018750 0.081250
0 0.007812 0.038281 0.015625 0.076563
0 0.016406 0.005469 0.032813 0.010156
0 0.014844 0.005469 0.029687 0.010937
0 0.013281 0.008594 0.026562 0.017188
0 0.011719 0.003906 0.023438 0.007812
0 0.006250 0.037500 0.012500 0.075000
0 0.016406 0.009375 0.032813 0.018750
