0 0.007812 0.018750 0.015625 0.037500
0 0.006250 0.017969 0.012500 0.035937
0 0.005469 0.013281 0.010937 0.026562
0 0.007031 0.014063 0.014063 0.028125
0 0.010156 0.020313 0.020313 0.040625
0 0.009375 0.017969 0.018750 0.035156
0 0.006250 0.018750 0.012500 0.036719
0 0.006250 0.018750 0.012500 0.037500
0 0.006250 0.019531 0.012500 0.038281
0 0.006250 0.020313 0.012500 0.040625
0 0.008594 0.022656 0.016406 0.044531
0 0.007031 0.021875 0.013281 0.043750
0 0.008594 0.020313 0.017188 0.040625
0 0.007031 0.021094 0.014063 0.042188
0 0.008594 0.021094 0.017188 0.042188
0 0.007031 0.021875 0.014063 0.043750
0 0.007812 0.021875 0.015625 0.043750
0 0.007031 0.017188 0.014063 0.034375
0 0.007031 0.018750 0.014063 0.037500
0 0.007031 0.017969 0.013281 0.035156
0 0.007812 0.017969 0.015625 0.035937
0 0.008594 0.019531 0.017188 0.039062
0 0.007031 0.020313 0.014063 0.039844
0 0.007812 0.021094 0.015625 0.042188
0 0.007031 0.018750 0.014063 0.036719
0 0.007031 0.017969 0.014063 0.035937
0 0.007812 0.019531 0.014844 0.039062
0 0.007031 0.020313 0.014063 0.040625
0 0.007031 0.019531 0.014063 0.039062
0 0.008594 0.020313 0.016406 0.040625
0 0.007812 0.019531 0.015625 0.039062
0 0.005469 0.020313 0.010937 0.040625
0 0.007812 0.021094 0.014844 0.042188
0 0.006250 0.021094 0.012500 0.041406
0 0.008594 0.017188 0.016406 0.034375
0 0.007031 0.019531 0.013281 0.039062
0 0.007031 0.018750 0.013281 0.037500
0 0.008594 0.018750 0.016406 0.037500
0 0.006250 0.020313 0.012500 0.039844
0 0.007031 0.019531 0.014063 0.038281
0 0.007812 0.020313 0.015625 0.039844
0 0.007812 0.020313 0.015625 0.040625
0 0.009375 0.021094 0.018750 0.042188
0 0.005469 0.011719 0.010937 0.023438
0 0.006250 0.010937 0.012500 0.021875
0 0.006250 0.011719 0.012500 0.022656
0 0.006250 0.011719 0.012500 0.023438
0 0.006250 0.014844 0.012500 0.029687
0 0.007031 0.016406 0.014063 0.032813
0 0.009375 0.017969 0.017969 0.035156
0 0.007031 0.015625 0.014063 0.031250
0 0.006250 0.019531 0.012500 0.039062
0 0.008594 0.016406 0.016406 0.032813
0 0.009375 0.017969 0.017969 0.035937
0 0.006250 0.013281 0.012500 0.026562
0 0.006250 0.014063 0.012500 0.027344
0 0.006250 0.016406 0.012500 0.032813
0 0.006250 0.017188 0.012500 0.034375
0 0.008594 0.020313 0.016406 0.039844
0 0.007812 0.023438 0.015625 0.046875
0 0.007812 0.024219 0.014844 0.048438
0 0.008594 0.023438 0.016406 0.046875
0 0.006250 0.012500 0.012500 0.025000
0 0.007031 0.012500 0.014063 0.025000
0 0.007031 0.013281 0.014063 0.026562
0 0.007031 0.016406 0.013281 0.032813
0 0.005469 0.017969 0.010937 0.035937
0 0.007812 0.016406 0.014844 0.032031
0 0.007812 0.017188 0.014844 0.034375
0 0.029687 0.016406 0.059375 0.032813
0 0.021094 0.016406 0.042188 0.032813
0 0.028906 0.010156 0.057813 0.020313
0 0.025781 0.014063 0.051562 0.028125
0 0.020313 0.021875 0.040625 0.043750
0 0.032813 0.019531 0.064844 0.039062
0 0.028125 0.020313 0.056250 0.040625
0 0.021875 0.019531 0.043750 0.038281
0 0.021875 0.017969 0.043750 0.035937
0 0.028906 0.018750 0.057813 0.037500
0 0.028906 0.017969 0.057813 0.035156
0 0.023438 0.016406 0.046094 0.032813
0 0.022656 0.018750 0.045312 0.037500
0 0.027344 0.019531 0.054688 0.039062
0 0.017969 0.017969 0.035937 0.035937
0 0.032813 0.019531 0.065625 0.039062
0 0.033594 0.017188 0.067187 0.034375
0 0.018750 0.016406 0.037500 0.032813
0 0.032031 0.017969 0.063281 0.035156
0 0.034375 0.017969 0.068750 0.035937
0 0.031250 0.017969 0.062500 0.035156
0 0.031250 0.017969 0.062500 0.035937
0 0.020313 0.019531 0.040625 0.039062
0 0.020313 0.017188 0.040625 0.034375
0 0.018750 0.018750 0.037500 0.037500
0 0.006250 0.018750 0.011719 0.037500
0 0.005469 0.015625 0.010937 0.031250
0 0.007812 0.014844 0.015625 0.029687
0 0.007031 0.014844 0.014063 0.029687
0 0.007031 0.017188 0.013281 0.034375
0 0.006250 0.017969 0.011719 0.035937
0 0.007031 0.018750 0.013281 0.036719
0 0.007812 0.020313 0.014844 0.039844
0 0.007812 0.013281 0.015625 0.026562
0 0.004687 0.015625 0.009375 0.031250
0 0.008594 0.014063 0.016406 0.028125
0 0.007812 0.018750 0.015625 0.036719
0 0.008594 0.017969 0.017188 0.035937
