0 0.015625 0.028906 0.031250 0.057813
0 0.016406 0.028906 0.032813 0.057813
0 0.021875 0.035937 0.043750 0.071875
0 0.021094 0.038281 0.042188 0.076563
0 0.014844 0.031250 0.028906 0.062500
0 0.017188 0.032813 0.033594 0.065625
0 0.023438 0.028125 0.046875 0.056250
0 0.016406 0.025000 0.032813 0.049219
0 0.013281 0.027344 0.025781 0.054688
0 0.017188 0.027344 0.034375 0.054688
0 0.017969 0.033594 0.035937 0.067187
0 0.014844 0.045312 0.028906 0.089844
0 0.014063 0.044531 0.028125 0.089063
0 0.016406 0.031250 0.032031 0.061719
0 0.014063 0.043750 0.028125 0.086719
0 0.024219 0.029687 0.047656 0.059375
0 0.023438 0.028906 0.046875 0.057813
0 0.021875 0.031250 0.043750 0.062500
0 0.010156 0.007812 0.019531 0.014844
0 0.020313 0.039062 0.040625 0.077344
0 0.014063 0.006250 0.028125 0.012500
0 0.010937 0.005469 0.021094 0.010937
0 0.010156 0.006250 0.020313 0.012500
0 0.012500 0.006250 0.025000 0.012500
0 0.011719 0.005469 0.023438 0.010937
0 0.011719 0.006250 0.023438 0.012500
0 0.011719 0.005469 0.022656 0.010937
0 0.007031 0.004687 0.013281 0.009375
0 0.013281 0.005469 0.025781 0.010937
0 0.009375 0.008594 0.017969 0.017188
0 0.011719 0.004687 0.022656 0.009375
0 0.011719 0.006250 0.022656 0.012500
0 0.010156 0.004687 0.020313 0.009375
0 0.012500 0.006250 0.024219 0.011719
0 0.013281 0.006250 0.025781 0.011719
0 0.026562 0.026562 0.053125 0.053125
0 0.008594 0.009375 0.017188 0.018750
0 0.011719 0.003906 0.023438 0.007812
0 0.010937 0.006250 0.021875 0.011719
0 0.013281 0.003906 0.026562 0.007812
0 0.025000 0.039062 0.050000 0.078125
0 0.024219 0.040625 0.048438 0.080469
0 0.032031 0.056250 0.064062 0.112500
0 0.027344 0.055469 0.053906 0.110937
0 0.018750 0.026562 0.037500 0.053125
0 0.021875 0.018750 0.042969 0.037500
0 0.014063 0.021094 0.028125 0.042188
0 0.012500 0.025781 0.024219 0.051562
0 0.011719 0.026562 0.022656 0.052344
0 0.016406 0.013281 0.032813 0.026562
0 0.020313 0.010937 0.040625 0.021875
0 0.012500 0.004687 0.024219 0.009375
0 0.012500 0.004687 0.025000 0.009375
0 0.011719 0.004687 0.023438 0.009375
0 0.023438 0.043750 0.046875 0.087500
0 0.017969 0.032813 0.035937 0.065625
0 0.016406 0.046875 0.032031 0.093750
