0 0.016406 0.016406 0.032813 0.032813
0 0.022656 0.017188 0.045312 0.034375
0 0.024219 0.016406 0.048438 0.032813
0 0.021875 0.016406 0.043750 0.032813
0 0.028906 0.019531 0.057813 0.039062
0 0.026562 0.018750 0.053125 0.037500
0 0.029687 0.020313 0.059375 0.040625
0 0.032031 0.017969 0.064062 0.035156
0 0.028906 0.018750 0.057813 0.037500
0 0.028906 0.015625 0.057813 0.030469
0 0.029687 0.021875 0.059375 0.043750
0 0.019531 0.023438 0.039062 0.046875
0 0.009375 0.024219 0.018750 0.047656
0 0.017188 0.017188 0.034375 0.034375
0 0.017188 0.018750 0.034375 0.037500
0 0.022656 0.021875 0.045312 0.042969
0 0.040625 0.025000 0.081250 0.049219
0 0.017188 0.003906 0.034375 0.007031
0 0.016406 0.025000 0.032813 0.050000
0 0.028906 0.005469 0.057813 0.010156
0 0.025000 0.003906 0.050000 0.007812
0 0.014063 0.021094 0.027344 0.042188
0 0.030469 0.022656 0.060156 0.045312
0 0.014844 0.020313 0.029687 0.040625
0 0.010937 0.003906 0.021875 0.007812
0 0.014844 0.019531 0.029687 0.039062
0 0.019531 0.025781 0.039062 0.051562
0 0.017188 0.027344 0.034375 0.054688
0 0.020313 0.025781 0.040625 0.051562
0 0.020313 0.024219 0.040625 0.048438
0 0.012500 0.025781 0.025000 0.050781
0 0.031250 0.005469 0.061719 0.010156
0 0.032031 0.004687 0.064062 0.009375
0 0.020313 0.004687 0.040625 0.009375
0 0.025000 0.005469 0.050000 0.010937
0 0.023438 0.004687 0.046875 0.009375
0 0.028125 0.005469 0.056250 0.010156
0 0.026562 0.005469 0.053125 0.010937
0 0.005469 0.013281 0.010937 0.026562
0 0.008594 0.013281 0.017188 0.026562
0 0.017969 0.025781 0.035156 0.051562
0 0.019531 0.026562 0.039062 0.052344
0 0.017188 0.026562 0.034375 0.053125
0 0.014063 0.020313 0.027344 0.040625
0 0.012500 0.020313 0.025000 0.040625
0 0.017188 0.021875 0.034375 0.043750
0 0.016406 0.021094 0.032813 0.042188
0 0.016406 0.019531 0.032813 0.039062
0 0.015625 0.020313 0.031250 0.040625
0 0.014063 0.020313 0.028125 0.040625
0 0.013281 0.018750 0.026562 0.036719
0 0.011719 0.018750 0.023438 0.037500
0 0.013281 0.017188 0.026562 0.034375
0 0.014063 0.015625 0.028125 0.031250
0 0.029687 0.017969 0.059375 0.035156
0 0.029687 0.016406 0.059375 0.032813
0 0.018750 0.016406 0.037500 0.032813
0 0.024219 0.027344 0.048438 0.053906
0 0.021094 0.028125 0.042188 0.056250
0 0.017969 0.025781 0.035937 0.051562
0 0.018750 0.026562 0.037500 0.053125
0 0.026562 0.004687 0.052344 0.009375
0 0.021875 0.003906 0.043750 0.007812
0 0.015625 0.022656 0.031250 0.045312
0 0.024219 0.004687 0.048438 0.009375
0 0.025781 0.003906 0.051562 0.007812
0 0.022656 0.004687 0.045312 0.009375
0 0.006250 0.010937 0.012500 0.021875
0 0.004687 0.012500 0.008594 0.025000
0 0.003906 0.010937 0.007812 0.021875
0 0.018750 0.025000 0.036719 0.049219
0 0.017969 0.024219 0.035937 0.048438
0 0.017188 0.022656 0.034375 0.045312
0 0.019531 0.021094 0.038281 0.041406
0 0.015625 0.022656 0.030469 0.045312
0 0.017969 0.021875 0.035937 0.043750
0 0.017969 0.022656 0.035156 0.045312
0 0.014844 0.017969 0.029687 0.035937
0 0.014063 0.018750 0.028125 0.037500
0 0.014844 0.017969 0.028906 0.035156
0 0.008594 0.017188 0.017188 0.034375
0 0.018750 0.003906 0.037500 0.007812
0 0.035156 0.003906 0.070312 0.007031
0 0.015625 0.002344 0.031250 0.004687
0 0.032031 0.002344 0.064062 0.004687
0 0.015625 0.003125 0.031250 0.005469
0 0.034375 0.002344 0.068750 0.004687
0 0.017188 0.003125 0.034375 0.006250
0 0.034375 0.003125 0.068750 0.006250
0 0.020313 0.023438 0.040625 0.046875
0 0.014063 0.022656 0.028125 0.045312
0 0.013281 0.018750 0.026562 0.037500
0 0.012500 0.020313 0.024219 0.040625
0 0.029687 0.003125 0.059375 0.006250
0 0.014844 0.003906 0.029687 0.007031
0 0.015625 0.004687 0.030469 0.009375
0 0.028906 0.003125 0.057813 0.006250
0 0.030469 0.003906 0.060937 0.007031
0 0.029687 0.003906 0.059375 0.007812
0 0.014063 0.017188 0.027344 0.034375
0 0.013281 0.018750 0.025781 0.036719
0 0.015625 0.021875 0.031250 0.043750
0 0.017188 0.023438 0.034375 0.046875
0 0.026562 0.003906 0.052344 0.007812
0 0.010937 0.017969 0.021094 0.035156
0 0.014063 0.019531 0.028125 0.038281
0 0.012500 0.018750 0.025000 0.037500
0 0.028125 0.003906 0.056250 0.007812
