0 0.009375 0.024219 0.018750 0.047656
0 0.007812 0.021875 0.015625 0.043750
0 0.007031 0.023438 0.014063 0.046875
0 0.007031 0.021875 0.013281 0.042969
0 0.007812 0.021094 0.014844 0.041406
0 0.008594 0.025000 0.016406 0.050000
0 0.007031 0.018750 0.014063 0.036719
0 0.003906 0.021094 0.007812 0.042188
0 0.007812 0.040625 0.015625 0.081250
0 0.010156 0.035937 0.020313 0.071875
0 0.007031 0.011719 0.014063 0.023438
0 0.006250 0.012500 0.012500 0.025000
0 0.005469 0.012500 0.010937 0.025000
0 0.008594 0.023438 0.017188 0.046094
0 0.009375 0.024219 0.017969 0.048438
0 0.007031 0.019531 0.014063 0.039062
0 0.008594 0.021875 0.017188 0.043750
0 0.007031 0.016406 0.014063 0.032813
0 0.007812 0.022656 0.015625 0.045312
0 0.009375 0.025000 0.018750 0.050000
0 0.010156 0.035937 0.019531 0.071875
0 0.007031 0.035156 0.014063 0.070312
0 0.007812 0.030469 0.015625 0.060937
0 0.006250 0.007812 0.012500 0.014844
0 0.008594 0.007031 0.017188 0.014063
0 0.006250 0.016406 0.012500 0.032813
0 0.002344 0.014063 0.004687 0.028125
0 0.003906 0.016406 0.007812 0.032813
0 0.013281 0.021094 0.026562 0.042188
0 0.005469 0.022656 0.010937 0.045312
0 0.006250 0.018750 0.011719 0.037500
0 0.006250 0.019531 0.012500 0.038281
0 0.006250 0.008594 0.012500 0.017188
0 0.005469 0.007031 0.010937 0.014063
0 0.010156 0.010156 0.020313 0.020313
0 0.007812 0.023438 0.015625 0.046875
0 0.010156 0.022656 0.020313 0.045312
0 0.010937 0.024219 0.021875 0.048438
0 0.010937 0.021875 0.021875 0.043750
0 0.010937 0.016406 0.021875 0.032031
0 0.007031 0.021875 0.014063 0.043750
0 0.007031 0.022656 0.013281 0.044531
0 0.003906 0.017969 0.007031 0.035937
0 0.013281 0.021875 0.026562 0.043750
0 0.003125 0.015625 0.006250 0.031250
0 0.010156 0.021875 0.020313 0.042969
0 0.007031 0.037500 0.014063 0.075000
0 0.010937 0.039844 0.021875 0.079687
0 0.005469 0.023438 0.010937 0.046094
0 0.006250 0.024219 0.012500 0.048438
0 0.004687 0.025000 0.009375 0.050000
0 0.004687 0.023438 0.009375 0.046875
0 0.005469 0.014844 0.010937 0.029687
0 0.007812 0.018750 0.015625 0.036719
0 0.005469 0.016406 0.010937 0.032813
0 0.005469 0.019531 0.010937 0.039062
0 0.004687 0.017969 0.009375 0.035937
0 0.005469 0.018750 0.010937 0.037500
0 0.007812 0.019531 0.015625 0.039062
0 0.003906 0.014844 0.007812 0.029687
0 0.006250 0.007031 0.012500 0.014063
0 0.007812 0.017969 0.014844 0.035937
0 0.007812 0.035937 0.015625 0.071875
0 0.009375 0.012500 0.018750 0.025000
0 0.008594 0.019531 0.016406 0.038281
0 0.007812 0.019531 0.014844 0.039062
0 0.007812 0.021094 0.015625 0.042188
0 0.010937 0.015625 0.021094 0.031250
0 0.006250 0.023438 0.012500 0.046094
0 0.007031 0.036719 0.013281 0.073438
0 0.004687 0.032031 0.009375 0.064062
0 0.009375 0.038281 0.018750 0.076563
0 0.006250 0.038281 0.012500 0.076563
0 0.017969 0.029687 0.035156 0.059375
0 0.015625 0.029687 0.031250 0.059375
0 0.015625 0.030469 0.031250 0.060937
0 0.023438 0.024219 0.046875 0.048438
0 0.022656 0.021094 0.045312 0.042188
0 0.008594 0.019531 0.016406 0.039062
0 0.015625 0.014063 0.031250 0.028125
0 0.018750 0.020313 0.037500 0.040625
0 0.018750 0.019531 0.037500 0.039062
0 0.018750 0.017969 0.037500 0.035937
0 0.015625 0.026562 0.031250 0.053125
0 0.009375 0.039844 0.018750 0.079687
0 0.010937 0.038281 0.021875 0.076563
0 0.007812 0.022656 0.014844 0.045312
0 0.005469 0.027344 0.010937 0.054688
0 0.004687 0.018750 0.009375 0.037500
0 0.007031 0.014063 0.014063 0.028125
0 0.010156 0.032031 0.019531 0.064062
0 0.010937 0.019531 0.021875 0.039062
0 0.009375 0.023438 0.018750 0.046875
0 0.018750 0.022656 0.037500 0.045312
0 0.009375 0.017188 0.017969 0.034375
0 0.009375 0.017188 0.017969 0.033594
0 0.011719 0.017969 0.023438 0.035937
0 0.011719 0.028125 0.023438 0.056250
0 0.008594 0.018750 0.016406 0.037500
0 0.010156 0.021094 0.020313 0.042188
0 0.011719 0.023438 0.023438 0.046875
0 0.011719 0.032031 0.022656 0.063281
0 0.022656 0.019531 0.045312 0.038281
0 0.005469 0.025000 0.010937 0.050000
0 0.010156 0.035156 0.020313 0.069531
0 0.008594 0.039062 0.017188 0.078125
0 0.006250 0.011719 0.012500 0.023438
0 0.007812 0.025781 0.015625 0.050781
0 0.003906 0.007031 0.007812 0.013281
0 0.010937 0.021094 0.021875 0.042188
0 0.012500 0.021094 0.024219 0.041406
0 0.003906 0.011719 0.007812 0.022656
0 0.018750 0.016406 0.037500 0.032813
0 0.013281 0.017969 0.026562 0.035937
0 0.007031 0.013281 0.013281 0.025781
0 0.020313 0.018750 0.040625 0.037500
0 0.006250 0.018750 0.012500 0.037500
0 0.006250 0.017188 0.012500 0.034375
0 0.003125 0.013281 0.006250 0.026562
0 0.003906 0.012500 0.007812 0.025000
0 0.004687 0.009375 0.009375 0.017969
0 0.006250 0.013281 0.012500 0.026562
