0 0.005469 0.011719 0.010937 0.023438
0 0.005469 0.010937 0.010937 0.021875
0 0.004687 0.010937 0.009375 0.021875
0 0.003125 0.022656 0.006250 0.045312
0 0.005469 0.010156 0.010937 0.020313
0 0.005469 0.019531 0.010937 0.039062
0 0.007031 0.015625 0.014063 0.031250
0 0.005469 0.017188 0.010937 0.034375
0 0.004687 0.019531 0.009375 0.039062
0 0.003125 0.023438 0.006250 0.046875
0 0.003906 0.023438 0.007031 0.046094
0 0.005469 0.023438 0.010937 0.046875
0 0.003906 0.019531 0.007812 0.039062
0 0.005469 0.014844 0.010937 0.029687
0 0.008594 0.003125 0.017188 0.006250
0 0.007812 0.017188 0.015625 0.034375
0 0.012500 0.005469 0.025000 0.010937
0 0.011719 0.003906 0.023438 0.007812
0 0.007812 0.020313 0.014844 0.040625
0 0.007031 0.020313 0.014063 0.040625
0 0.007812 0.032031 0.015625 0.064062
0 0.011719 0.032031 0.023438 0.064062
0 0.007031 0.012500 0.014063 0.024219
0 0.007031 0.016406 0.014063 0.032813
0 0.008594 0.009375 0.016406 0.018750
0 0.007812 0.007812 0.014844 0.014844
0 0.003906 0.009375 0.007812 0.017969
0 0.004687 0.014844 0.009375 0.029687
0 0.009375 0.003906 0.018750 0.007031
0 0.009375 0.003906 0.017969 0.007812
0 0.006250 0.011719 0.012500 0.023438
0 0.003906 0.007812 0.007031 0.014844
0 0.007031 0.004687 0.014063 0.009375
0 0.002344 0.008594 0.003906 0.017188
0 0.006250 0.016406 0.012500 0.032813
0 0.001563 0.015625 0.003125 0.031250
0 0.002344 0.016406 0.004687 0.032031
0 0.009375 0.015625 0.017969 0.031250
0 0.008594 0.012500 0.016406 0.025000
0 0.007031 0.028906 0.014063 0.057813
0 0.003906 0.030469 0.007812 0.060937
0 0.006250 0.028906 0.012500 0.057813
0 0.005469 0.028906 0.010937 0.057813
0 0.006250 0.029687 0.012500 0.058594
0 0.005469 0.034375 0.010937 0.068750
0 0.006250 0.035937 0.012500 0.071094
0 0.006250 0.035156 0.012500 0.070312
0 0.006250 0.035937 0.011719 0.071875
0 0.004687 0.035156 0.009375 0.070312
0 0.005469 0.035937 0.010937 0.071875
0 0.012500 0.005469 0.024219 0.010937
0 0.006250 0.037500 0.012500 0.075000
0 0.007031 0.040625 0.014063 0.081250
0 0.007031 0.035937 0.014063 0.071875
0 0.006250 0.035937 0.012500 0.071875
0 0.007031 0.035156 0.014063 0.070312
0 0.006250 0.034375 0.012500 0.068750
0 0.006250 0.028125 0.012500 0.056250
0 0.008594 0.012500 0.017188 0.024219
0 0.007812 0.014063 0.015625 0.027344
0 0.008594 0.014063 0.017188 0.027344
0 0.008594 0.014844 0.017188 0.029687
0 0.007031 0.017969 0.014063 0.035937
0 0.006250 0.019531 0.012500 0.039062
0 0.007031 0.020313 0.014063 0.039844
0 0.007812 0.020313 0.015625 0.040625
0 0.009375 0.014844 0.018750 0.028906
0 0.009375 0.014063 0.018750 0.028125
0 0.007812 0.045312 0.015625 0.090625
0 0.007812 0.014063 0.015625 0.028125
0 0.008594 0.014844 0.016406 0.029687
0 0.008594 0.015625 0.017188 0.030469
0 0.012500 0.012500 0.025000 0.025000
0 0.011719 0.014063 0.023438 0.028125
0 0.006250 0.027344 0.011719 0.054688
0 0.007031 0.028125 0.014063 0.056250
0 0.006250 0.022656 0.012500 0.044531
0 0.012500 0.006250 0.025000 0.012500
0 0.005469 0.037500 0.010937 0.075000
0 0.011719 0.010156 0.023438 0.019531
0 0.010937 0.012500 0.021094 0.024219
0 0.010937 0.006250 0.021875 0.012500
0 0.011719 0.014844 0.022656 0.029687
0 0.010937 0.016406 0.021875 0.032813
0 0.013281 0.005469 0.025781 0.010937
0 0.012500 0.004687 0.025000 0.008594
0 0.013281 0.010156 0.026562 0.020313
0 0.010937 0.026562 0.021094 0.052344
0 0.010937 0.026562 0.021875 0.052344
0 0.007812 0.019531 0.015625 0.039062
0 0.010937 0.026562 0.021875 0.053125
0 0.009375 0.021875 0.017969 0.043750
0 0.007812 0.007812 0.015625 0.015625
0 0.010156 0.007031 0.020313 0.014063
0 0.009375 0.014844 0.018750 0.029687
0 0.009375 0.009375 0.018750 0.018750
0 0.005469 0.030469 0.010156 0.060937
0 0.006250 0.039062 0.012500 0.077344
0 0.003906 0.007812 0.007812 0.015625
0 0.007812 0.020313 0.014844 0.039844
0 0.005469 0.027344 0.010937 0.054688
0 0.005469 0.028125 0.010937 0.056250
0 0.005469 0.028125 0.010937 0.055469
0 0.005469 0.024219 0.010937 0.048438
0 0.010156 0.017969 0.020313 0.035937
0 0.010937 0.014844 0.021875 0.029687
0 0.007812 0.010156 0.015625 0.020313
0 0.008594 0.010937 0.017188 0.021875
0 0.016406 0.005469 0.032813 0.010937
0 0.003906 0.020313 0.007812 0.039844
0 0.017969 0.010156 0.035937 0.020313
0 0.017188 0.009375 0.034375 0.018750
0 0.008594 0.011719 0.017188 0.023438
0 0.008594 0.007812 0.017188 0.015625
0 0.008594 0.010156 0.017188 0.020313
0 0.007812 0.008594 0.015625 0.017188
0 0.007812 0.010937 0.015625 0.021875
0 0.009375 0.007812 0.017969 0.014844
0 0.002344 0.014844 0.003906 0.028906
0 0.002344 0.014844 0.004687 0.029687
0 0.002344 0.003125 0.004687 0.006250
0 0.012500 0.007812 0.025000 0.015625
0 0.004687 0.014063 0.009375 0.028125
0 0.003906 0.014063 0.007812 0.028125
0 0.012500 0.003906 0.025000 0.007812
0 0.007031 0.024219 0.014063 0.048438
0 0.010937 0.010937 0.021875 0.021875
0 0.003906 0.018750 0.007812 0.037500
