0 0.011719 0.017188 0.023438 0.034375
0 0.010156 0.016406 0.020313 0.032813
0 0.007031 0.018750 0.014063 0.037500
0 0.007031 0.011719 0.014063 0.022656
0 0.011719 0.014844 0.023438 0.028906
0 0.007812 0.017969 0.015625 0.035156
0 0.010156 0.012500 0.020313 0.025000
0 0.009375 0.011719 0.018750 0.022656
0 0.009375 0.013281 0.018750 0.025781
0 0.007031 0.019531 0.014063 0.039062
0 0.007031 0.015625 0.014063 0.031250
0 0.007031 0.015625 0.014063 0.030469
0 0.010156 0.021875 0.020313 0.042969
0 0.009375 0.020313 0.018750 0.040625
0 0.012500 0.021094 0.025000 0.042188
0 0.009375 0.022656 0.018750 0.044531
0 0.009375 0.020313 0.018750 0.039844
0 0.009375 0.012500 0.018750 0.025000
0 0.008594 0.013281 0.017188 0.025781
0 0.008594 0.012500 0.017188 0.025000
0 0.009375 0.021875 0.018750 0.042969
0 0.010156 0.015625 0.020313 0.031250
0 0.010937 0.015625 0.021875 0.031250
0 0.007812 0.016406 0.015625 0.032031
0 0.007031 0.017188 0.014063 0.033594
0 0.014063 0.021875 0.028125 0.043750
0 0.014844 0.021094 0.029687 0.041406
0 0.005469 0.018750 0.010937 0.036719
0 0.010156 0.022656 0.020313 0.045312
0 0.007031 0.020313 0.014063 0.040625
0 0.016406 0.023438 0.032813 0.046875
0 0.015625 0.027344 0.031250 0.054688
0 0.014063 0.019531 0.028125 0.039062
0 0.025781 0.020313 0.051562 0.039844
0 0.012500 0.022656 0.025000 0.044531
0 0.006250 0.013281 0.012500 0.026562
0 0.007812 0.010937 0.015625 0.021875
0 0.011719 0.013281 0.023438 0.025781
0 0.006250 0.022656 0.012500 0.045312
0 0.007031 0.024219 0.014063 0.048438
0 0.021094 0.021094 0.042188 0.042188
0 0.007812 0.022656 0.015625 0.045312
0 0.008594 0.021875 0.017188 0.043750
0 0.015625 0.021094 0.030469 0.042188
0 0.008594 0.026562 0.017188 0.052344
0 0.007031 0.022656 0.014063 0.044531
0 0.009375 0.023438 0.018750 0.046875
0 0.008594 0.021875 0.017188 0.042969
0 0.010156 0.019531 0.020313 0.038281
0 0.009375 0.019531 0.018750 0.038281
0 0.009375 0.013281 0.018750 0.026562
0 0.008594 0.019531 0.017188 0.038281
0 0.007031 0.021094 0.014063 0.042188
0 0.015625 0.025000 0.031250 0.049219
0 0.009375 0.024219 0.018750 0.048438
0 0.012500 0.021875 0.025000 0.042969
0 0.014063 0.026562 0.028125 0.053125
0 0.012500 0.028906 0.025000 0.057031
0 0.012500 0.018750 0.025000 0.037500
0 0.014063 0.021875 0.028125 0.042969
0 0.008594 0.021094 0.017188 0.042188
0 0.010937 0.021094 0.021875 0.042188
0 0.010156 0.020313 0.020313 0.040625
0 0.014063 0.027344 0.028125 0.053906
0 0.010937 0.021094 0.021875 0.041406
0 0.007031 0.022656 0.014063 0.045312
0 0.013281 0.018750 0.026562 0.037500
0 0.009375 0.015625 0.018750 0.031250
0 0.009375 0.016406 0.018750 0.032813
0 0.009375 0.016406 0.018750 0.032031
0 0.010156 0.027344 0.020313 0.054688
0 0.008594 0.025000 0.017188 0.050000
0 0.012500 0.021875 0.025000 0.043750
0 0.007812 0.026562 0.015625 0.053125
0 0.013281 0.026562 0.026562 0.053125
0 0.015625 0.028906 0.030469 0.057813
0 0.014844 0.028906 0.029687 0.057031
0 0.012500 0.023438 0.025000 0.046875
0 0.014844 0.025000 0.029687 0.050000
0 0.017188 0.025000 0.034375 0.050000
0 0.017188 0.024219 0.033594 0.048438
0 0.015625 0.026562 0.031250 0.053125
0 0.014063 0.025781 0.028125 0.051562
0 0.015625 0.025000 0.031250 0.050000
0 0.012500 0.025781 0.025000 0.051562
0 0.012500 0.026562 0.025000 0.053125
0 0.011719 0.025781 0.023438 0.051562
0 0.013281 0.025000 0.026562 0.050000
0 0.010156 0.025000 0.020313 0.050000
0 0.010156 0.020313 0.020313 0.039844
0 0.014063 0.025000 0.028125 0.050000
0 0.015625 0.024219 0.031250 0.048438
0 0.007812 0.025000 0.015625 0.049219
0 0.007031 0.027344 0.014063 0.053906
0 0.007812 0.024219 0.015625 0.047656
0 0.021875 0.007031 0.043750 0.014063
0 0.018750 0.022656 0.037500 0.044531
0 0.013281 0.017969 0.026562 0.035937
0 0.012500 0.017188 0.025000 0.033594
0 0.018750 0.021875 0.037500 0.042969
0 0.012500 0.003906 0.025000 0.007812
0 0.014063 0.004687 0.028125 0.009375
0 0.023438 0.005469 0.046875 0.010937
0 0.015625 0.006250 0.031250 0.011719
0 0.012500 0.005469 0.024219 0.010937
0 0.015625 0.003906 0.031250 0.007812
0 0.011719 0.003906 0.023438 0.007812
0 0.015625 0.028906 0.031250 0.057813
0 0.014063 0.019531 0.028125 0.038281
0 0.014063 0.010937 0.028125 0.021875
0 0.008594 0.022656 0.017188 0.045312
0 0.013281 0.005469 0.026562 0.010156
0 0.021094 0.005469 0.042188 0.010937
0 0.015625 0.003125 0.031250 0.006250
0 0.007812 0.024219 0.015625 0.048438
0 0.014844 0.025781 0.029687 0.051562
0 0.006250 0.025781 0.012500 0.051562
0 0.015625 0.023438 0.031250 0.046094
0 0.009375 0.022656 0.018750 0.045312
0 0.008594 0.017188 0.017188 0.034375
0 0.006250 0.024219 0.012500 0.048438
0 0.014063 0.024219 0.028125 0.048438
0 0.007031 0.023438 0.014063 0.046875
