0 0.005469 0.012500 0.010156 0.025000
0 0.006250 0.028125 0.011719 0.056250
0 0.006250 0.010156 0.012500 0.019531
0 0.007812 0.017188 0.015625 0.034375
0 0.007812 0.021875 0.015625 0.043750
0 0.017188 0.009375 0.034375 0.018750
0 0.018750 0.010156 0.037500 0.020313
0 0.009375 0.023438 0.017969 0.046875
0 0.009375 0.030469 0.018750 0.060937
0 0.005469 0.029687 0.010937 0.059375
0 0.010937 0.008594 0.021094 0.017188
0 0.009375 0.009375 0.017969 0.018750
0 0.008594 0.010937 0.017188 0.021875
0 0.008594 0.007812 0.017188 0.015625
0 0.009375 0.012500 0.018750 0.025000
0 0.007812 0.011719 0.015625 0.023438
0 0.012500 0.011719 0.025000 0.023438
0 0.009375 0.009375 0.018750 0.018750
0 0.009375 0.008594 0.018750 0.017188
0 0.009375 0.007031 0.017969 0.013281
0 0.010937 0.006250 0.021875 0.012500
0 0.010156 0.007812 0.019531 0.015625
0 0.018750 0.011719 0.036719 0.022656
0 0.005469 0.027344 0.010937 0.054688
0 0.007812 0.012500 0.015625 0.025000
0 0.010156 0.024219 0.020313 0.048438
0 0.003906 0.026562 0.007812 0.053125
0 0.006250 0.039844 0.012500 0.079687
0 0.012500 0.030469 0.025000 0.060937
0 0.012500 0.003906 0.025000 0.007812
0 0.012500 0.004687 0.024219 0.008594
0 0.007812 0.017969 0.015625 0.035156
0 0.011719 0.004687 0.023438 0.009375
0 0.014063 0.005469 0.028125 0.010937
0 0.013281 0.006250 0.026562 0.012500
0 0.010156 0.035937 0.020313 0.071875
0 0.008594 0.017188 0.016406 0.034375
0 0.007812 0.017969 0.015625 0.035937
0 0.007031 0.017188 0.014063 0.034375
0 0.006250 0.016406 0.012500 0.032031
0 0.007812 0.016406 0.015625 0.032813
0 0.011719 0.016406 0.023438 0.032813
0 0.007812 0.019531 0.015625 0.039062
0 0.010937 0.021094 0.021875 0.042188
0 0.009375 0.016406 0.018750 0.032031
0 0.011719 0.028906 0.023438 0.057813
0 0.007031 0.031250 0.014063 0.062500
0 0.030469 0.041406 0.060937 0.082031
0 0.012500 0.036719 0.025000 0.073438
0 0.014844 0.028125 0.028906 0.056250
0 0.014063 0.039844 0.028125 0.079687
0 0.012500 0.039844 0.025000 0.079687
0 0.013281 0.038281 0.026562 0.076563
0 0.012500 0.039844 0.024219 0.079687
0 0.008594 0.039844 0.016406 0.079687
0 0.010156 0.036719 0.020313 0.073438
0 0.012500 0.025781 0.025000 0.050781
0 0.012500 0.025781 0.025000 0.051562
0 0.012500 0.032813 0.024219 0.065625
0 0.011719 0.034375 0.023438 0.067969
0 0.007031 0.028125 0.014063 0.056250
0 0.017188 0.026562 0.033594 0.053125
0 0.012500 0.027344 0.025000 0.054688
0 0.014063 0.028125 0.028125 0.055469
0 0.012500 0.028906 0.025000 0.057813
0 0.029687 0.039062 0.059375 0.078125
0 0.011719 0.032031 0.023438 0.063281
0 0.009375 0.038281 0.018750 0.076563
0 0.007031 0.035156 0.014063 0.070312
0 0.012500 0.029687 0.024219 0.058594
0 0.006250 0.019531 0.012500 0.039062
0 0.010937 0.031250 0.021875 0.062500
0 0.007031 0.027344 0.014063 0.053906
0 0.014063 0.012500 0.028125 0.025000
0 0.012500 0.011719 0.024219 0.023438
0 0.012500 0.009375 0.025000 0.018750
0 0.011719 0.008594 0.023438 0.017188
0 0.007031 0.018750 0.014063 0.037500
0 0.011719 0.008594 0.022656 0.016406
0 0.010937 0.009375 0.021875 0.018750
0 0.012500 0.005469 0.025000 0.010937
0 0.009375 0.007031 0.018750 0.014063
0 0.010937 0.005469 0.021875 0.010937
0 0.010937 0.008594 0.021875 0.017188
0 0.010937 0.007031 0.021875 0.014063
0 0.007031 0.019531 0.014063 0.038281
0 0.012500 0.010937 0.024219 0.021094
0 0.012500 0.006250 0.025000 0.012500
0 0.012500 0.003906 0.025000 0.007031
0 0.011719 0.007031 0.023438 0.014063
0 0.009375 0.007812 0.018750 0.015625
0 0.010937 0.006250 0.021875 0.011719
0 0.012500 0.009375 0.024219 0.018750
0 0.010156 0.010156 0.020313 0.020313
0 0.014063 0.004687 0.027344 0.008594
0 0.013281 0.005469 0.026562 0.010937
0 0.011719 0.006250 0.022656 0.011719
0 0.011719 0.004687 0.022656 0.008594
0 0.011719 0.006250 0.023438 0.012500
0 0.010937 0.010156 0.021875 0.020313
0 0.011719 0.011719 0.023438 0.023438
0 0.011719 0.009375 0.022656 0.017969
0 0.010156 0.006250 0.020313 0.012500
0 0.010937 0.004687 0.021875 0.009375
0 0.010156 0.004687 0.020313 0.009375
0 0.008594 0.028906 0.017188 0.057813
