0 0.007031 0.016406 0.014063 0.032813
0 0.007812 0.016406 0.015625 0.032813
0 0.006250 0.016406 0.012500 0.032813
0 0.007812 0.016406 0.014844 0.032031
0 0.007031 0.019531 0.014063 0.039062
0 0.007031 0.017188 0.014063 0.034375
0 0.006250 0.018750 0.012500 0.037500
0 0.006250 0.017188 0.011719 0.033594
0 0.006250 0.018750 0.011719 0.037500
0 0.007031 0.018750 0.014063 0.037500
0 0.006250 0.017969 0.012500 0.035937
0 0.007031 0.014844 0.014063 0.029687
0 0.005469 0.017188 0.010937 0.034375
0 0.007031 0.018750 0.013281 0.036719
0 0.010156 0.017188 0.019531 0.034375
0 0.009375 0.018750 0.018750 0.037500
0 0.008594 0.018750 0.017188 0.037500
0 0.009375 0.017188 0.017969 0.033594
0 0.008594 0.017969 0.017188 0.035156
0 0.006250 0.015625 0.012500 0.030469
0 0.008594 0.017969 0.017188 0.035937
0 0.007812 0.015625 0.015625 0.031250
0 0.009375 0.017969 0.018750 0.035937
0 0.010156 0.014844 0.020313 0.029687
0 0.009375 0.017188 0.018750 0.034375
0 0.009375 0.015625 0.017969 0.031250
0 0.008594 0.014844 0.017188 0.029687
0 0.009375 0.015625 0.018750 0.030469
0 0.009375 0.016406 0.018750 0.032813
0 0.007812 0.017188 0.015625 0.033594
0 0.007031 0.015625 0.014063 0.031250
0 0.007812 0.018750 0.015625 0.037500
0 0.004687 0.017188 0.009375 0.034375
0 0.021094 0.030469 0.042188 0.060937
0 0.008594 0.016406 0.017188 0.032813
0 0.020313 0.028125 0.040625 0.056250
0 0.025781 0.027344 0.050781 0.054688
0 0.006250 0.017188 0.012500 0.034375
0 0.021875 0.030469 0.043750 0.060937
0 0.021875 0.026562 0.043750 0.052344
0 0.025000 0.027344 0.049219 0.054688
0 0.009375 0.017969 0.018750 0.035156
0 0.008594 0.017188 0.017188 0.034375
0 0.010937 0.021094 0.021094 0.042188
0 0.008594 0.021094 0.017188 0.042188
0 0.021875 0.028125 0.043750 0.056250
0 0.009375 0.017969 0.017969 0.035156
0 0.027344 0.028125 0.054688 0.056250
0 0.019531 0.027344 0.039062 0.054688
0 0.012500 0.022656 0.025000 0.045312
0 0.010156 0.022656 0.020313 0.045312
0 0.013281 0.023438 0.026562 0.046875
0 0.011719 0.017188 0.023438 0.034375
0 0.017188 0.025000 0.034375 0.049219
0 0.012500 0.025781 0.025000 0.051562
0 0.010937 0.025781 0.021875 0.051562
0 0.019531 0.006250 0.039062 0.012500
0 0.015625 0.006250 0.031250 0.012500
0 0.016406 0.005469 0.032813 0.010937
0 0.015625 0.009375 0.031250 0.018750
0 0.014063 0.009375 0.028125 0.018750
0 0.017188 0.009375 0.034375 0.018750
0 0.011719 0.007812 0.023438 0.015625
0 0.009375 0.021094 0.018750 0.042188
0 0.021875 0.027344 0.043750 0.053906
0 0.007812 0.017188 0.015625 0.034375
0 0.010937 0.021875 0.021094 0.042969
0 0.008594 0.015625 0.016406 0.031250
0 0.007812 0.017188 0.014844 0.034375
0 0.007812 0.017969 0.014844 0.035156
0 0.010156 0.016406 0.020313 0.032813
0 0.007812 0.010937 0.015625 0.021875
0 0.006250 0.015625 0.012500 0.031250
0 0.010156 0.017969 0.020313 0.035937
0 0.020313 0.023438 0.040625 0.046875
0 0.019531 0.021875 0.039062 0.043750
0 0.024219 0.025781 0.048438 0.051562
0 0.008594 0.012500 0.017188 0.025000
0 0.007812 0.014844 0.015625 0.029687
0 0.009375 0.019531 0.018750 0.038281
0 0.009375 0.011719 0.018750 0.023438
0 0.009375 0.014844 0.018750 0.028906
0 0.007031 0.015625 0.014063 0.030469
0 0.017969 0.025000 0.035156 0.050000
0 0.025000 0.031250 0.050000 0.062500
0 0.008594 0.020313 0.017188 0.040625
0 0.007812 0.018750 0.014844 0.037500
0 0.009375 0.016406 0.017969 0.032813
0 0.008594 0.016406 0.017188 0.032031
0 0.008594 0.018750 0.017188 0.036719
0 0.009375 0.019531 0.018750 0.039062
0 0.007812 0.015625 0.014844 0.031250
0 0.006250 0.014844 0.012500 0.029687
0 0.007031 0.017969 0.014063 0.035937
0 0.007812 0.017969 0.015625 0.035156
0 0.007812 0.019531 0.015625 0.039062
0 0.010156 0.020313 0.019531 0.040625
0 0.008594 0.017188 0.017188 0.033594
0 0.009375 0.017969 0.017969 0.035937
0 0.008594 0.017969 0.016406 0.035156
0 0.007812 0.017969 0.015625 0.035937
0 0.007031 0.016406 0.014063 0.032031
0 0.007031 0.017188 0.013281 0.034375
0 0.008594 0.019531 0.017188 0.039062
