0 0.007812 0.033594 0.015625 0.067187
0 0.009375 0.038281 0.018750 0.076563
0 0.009375 0.046094 0.018750 0.092188
0 0.010156 0.043750 0.020313 0.087500
0 0.006250 0.017969 0.012500 0.035937
0 0.009375 0.035937 0.018750 0.071875
0 0.006250 0.016406 0.011719 0.032813
0 0.012500 0.035937 0.025000 0.071094
0 0.012500 0.035937 0.025000 0.071875
0 0.014063 0.038281 0.028125 0.076563
0 0.005469 0.019531 0.010937 0.039062
0 0.005469 0.017969 0.010937 0.035937
0 0.004687 0.020313 0.009375 0.040625
0 0.010156 0.035937 0.020313 0.071875
0 0.007812 0.033594 0.014844 0.067187
0 0.008594 0.032031 0.017188 0.064062
0 0.007812 0.031250 0.015625 0.062500
0 0.006250 0.032813 0.012500 0.064844
0 0.005469 0.018750 0.010937 0.037500
0 0.006250 0.021094 0.011719 0.042188
0 0.004687 0.019531 0.009375 0.039062
0 0.004687 0.022656 0.009375 0.045312
0 0.006250 0.021875 0.012500 0.043750
0 0.003906 0.021094 0.007031 0.042188
0 0.008594 0.028906 0.017188 0.057813
0 0.007031 0.029687 0.014063 0.059375
0 0.009375 0.034375 0.018750 0.068750
0 0.009375 0.029687 0.018750 0.059375
0 0.009375 0.035156 0.017969 0.069531
0 0.009375 0.032031 0.017969 0.064062
0 0.009375 0.032813 0.018750 0.065625
0 0.010156 0.033594 0.020313 0.067187
0 0.008594 0.035156 0.016406 0.070312
0 0.007812 0.021875 0.015625 0.043750
0 0.003125 0.021094 0.006250 0.042188
0 0.007812 0.020313 0.015625 0.040625
0 0.010937 0.033594 0.021875 0.067187
0 0.007812 0.034375 0.015625 0.068750
0 0.011719 0.031250 0.023438 0.062500
0 0.009375 0.032031 0.018750 0.064062
0 0.009375 0.032813 0.017969 0.065625
0 0.010156 0.031250 0.020313 0.062500
0 0.010156 0.034375 0.019531 0.068750
0 0.008594 0.032031 0.016406 0.064062
0 0.008594 0.035156 0.017188 0.070312
0 0.005469 0.020313 0.010156 0.040625
0 0.007031 0.023438 0.014063 0.046875
0 0.006250 0.020313 0.012500 0.040625
0 0.008594 0.033594 0.017188 0.066406
0 0.007031 0.035156 0.014063 0.069531
0 0.010156 0.032813 0.019531 0.065625
0 0.004687 0.024219 0.009375 0.047656
0 0.007031 0.023438 0.013281 0.046875
0 0.005469 0.023438 0.010937 0.046875
0 0.007812 0.037500 0.015625 0.075000
0 0.013281 0.038281 0.026562 0.076563
0 0.012500 0.039062 0.025000 0.078125
0 0.010937 0.034375 0.021094 0.068750
0 0.010156 0.032031 0.019531 0.064062
0 0.008594 0.029687 0.017188 0.059375
0 0.004687 0.023438 0.009375 0.046094
0 0.009375 0.039062 0.017969 0.078125
0 0.010156 0.039844 0.019531 0.079687
0 0.010937 0.039844 0.021094 0.079687
0 0.012500 0.034375 0.025000 0.068750
0 0.007031 0.036719 0.014063 0.073438
0 0.014844 0.039844 0.029687 0.079687
0 0.007812 0.033594 0.014844 0.066406
0 0.005469 0.020313 0.010937 0.040625
0 0.004687 0.017969 0.009375 0.035156
0 0.009375 0.031250 0.018750 0.062500
0 0.007031 0.021094 0.014063 0.042188
0 0.004687 0.021094 0.009375 0.042188
0 0.005469 0.021875 0.010156 0.042969
0 0.007031 0.018750 0.013281 0.037500
0 0.010937 0.035156 0.021094 0.069531
0 0.010937 0.036719 0.021875 0.073438
0 0.010156 0.032813 0.020313 0.064844
0 0.010156 0.034375 0.020313 0.068750
0 0.008594 0.030469 0.017188 0.060937
0 0.005469 0.028906 0.010937 0.057813
0 0.009375 0.033594 0.018750 0.067187
0 0.008594 0.030469 0.016406 0.060156
0 0.008594 0.033594 0.017188 0.067187
0 0.007812 0.030469 0.015625 0.060937
0 0.009375 0.034375 0.018750 0.067969
0 0.009375 0.036719 0.018750 0.073438
0 0.008594 0.031250 0.016406 0.062500
0 0.010937 0.035156 0.021875 0.070312
0 0.008594 0.031250 0.017188 0.062500
0 0.010937 0.036719 0.021094 0.073438
0 0.006250 0.019531 0.011719 0.038281
0 0.004687 0.018750 0.009375 0.036719
0 0.006250 0.019531 0.012500 0.039062
0 0.007812 0.040625 0.015625 0.081250
