0 0.013281 0.012500 0.026562 0.024219
0 0.018750 0.012500 0.037500 0.025000
0 0.012500 0.011719 0.024219 0.022656
0 0.015625 0.011719 0.031250 0.023438
0 0.011719 0.011719 0.023438 0.023438
0 0.015625 0.012500 0.031250 0.025000
0 0.025000 0.007812 0.050000 0.015625
0 0.025000 0.007812 0.049219 0.015625
0 0.025000 0.007812 0.050000 0.014844
0 0.026562 0.007812 0.053125 0.015625
0 0.007031 0.009375 0.014063 0.018750
0 0.013281 0.007812 0.026562 0.015625
0 0.013281 0.011719 0.026562 0.023438
0 0.017188 0.012500 0.033594 0.024219
0 0.017969 0.012500 0.035937 0.024219
0 0.023438 0.007812 0.046875 0.015625
0 0.006250 0.005469 0.012500 0.010937
0 0.011719 0.012500 0.023438 0.024219
0 0.014844 0.007812 0.029687 0.015625
0 0.009375 0.007812 0.017969 0.015625
0 0.004687 0.008594 0.009375 0.017188
0 0.006250 0.008594 0.012500 0.017188
0 0.004687 0.009375 0.009375 0.017969
0 0.007812 0.008594 0.015625 0.017188
0 0.010156 0.008594 0.020313 0.017188
0 0.008594 0.008594 0.017188 0.017188
0 0.010156 0.009375 0.020313 0.018750
0 0.007812 0.007812 0.015625 0.015625
0 0.016406 0.010156 0.032813 0.020313
0 0.007812 0.010156 0.015625 0.019531
0 0.008594 0.010156 0.017188 0.020313
0 0.007812 0.010937 0.015625 0.021094
0 0.007812 0.010156 0.015625 0.020313
0 0.004687 0.010156 0.009375 0.019531
0 0.008594 0.009375 0.017188 0.018750
0 0.009375 0.010156 0.018750 0.019531
0 0.009375 0.010156 0.018750 0.020313
0 0.019531 0.010937 0.039062 0.021094
0 0.008594 0.010937 0.017188 0.021875
0 0.010156 0.010937 0.020313 0.021875
0 0.009375 0.010937 0.018750 0.021094
0 0.010937 0.010156 0.021875 0.020313
0 0.010937 0.009375 0.021875 0.017969
0 0.015625 0.011719 0.031250 0.022656
0 0.010937 0.009375 0.021875 0.018750
0 0.014063 0.011719 0.028125 0.023438
0 0.017969 0.008594 0.035937 0.016406
0 0.020313 0.008594 0.039844 0.017188
0 0.021875 0.008594 0.043750 0.016406
0 0.017969 0.005469 0.035937 0.010937
0 0.017969 0.011719 0.035937 0.023438
0 0.017969 0.004687 0.035937 0.008594
0 0.017188 0.003125 0.034375 0.006250
0 0.021875 0.004687 0.043750 0.009375
0 0.019531 0.003906 0.039062 0.007812
0 0.020313 0.004687 0.040625 0.008594
0 0.017969 0.004687 0.035937 0.009375
0 0.012500 0.008594 0.025000 0.016406
0 0.018750 0.003906 0.037500 0.007812
0 0.016406 0.004687 0.032813 0.008594
0 0.014844 0.005469 0.029687 0.010156
0 0.014844 0.004687 0.029687 0.008594
0 0.016406 0.007812 0.032813 0.014844
0 0.016406 0.007031 0.032813 0.014063
0 0.014063 0.004687 0.028125 0.009375
0 0.015625 0.006250 0.031250 0.012500
0 0.013281 0.007031 0.026562 0.013281
0 0.015625 0.006250 0.030469 0.012500
0 0.011719 0.005469 0.023438 0.010156
0 0.009375 0.003906 0.018750 0.007812
0 0.011719 0.008594 0.023438 0.017188
0 0.004687 0.012500 0.008594 0.024219
0 0.004687 0.011719 0.009375 0.023438
0 0.012500 0.011719 0.025000 0.023438
0 0.009375 0.011719 0.018750 0.023438
0 0.010937 0.012500 0.021875 0.024219
0 0.010156 0.012500 0.020313 0.024219
0 0.004687 0.011719 0.008594 0.023438
0 0.010156 0.011719 0.020313 0.023438
0 0.003906 0.011719 0.007812 0.023438
0 0.013281 0.010937 0.026562 0.021875
0 0.008594 0.003906 0.017188 0.007812
0 0.012500 0.003125 0.025000 0.006250
0 0.013281 0.003125 0.026562 0.006250
0 0.013281 0.003906 0.026562 0.007812
0 0.010937 0.011719 0.021094 0.022656
0 0.013281 0.010156 0.026562 0.020313
0 0.012500 0.010156 0.025000 0.020313
0 0.010937 0.010156 0.021094 0.019531
0 0.006250 0.009375 0.012500 0.018750
0 0.008594 0.010937 0.017188 0.021094
