0 0.005469 0.003906 0.010937 0.007812
0 0.005469 0.007812 0.010937 0.014844
0 0.003906 0.006250 0.007812 0.012500
0 0.004687 0.008594 0.008594 0.017188
0 0.007812 0.006250 0.014844 0.011719
0 0.011719 0.005469 0.023438 0.010937
0 0.008594 0.014063 0.017188 0.027344
0 0.005469 0.028125 0.010937 0.055469
0 0.004687 0.028906 0.009375 0.057813
0 0.010937 0.004687 0.021875 0.009375
0 0.010937 0.007031 0.021875 0.013281
0 0.011719 0.011719 0.023438 0.023438
0 0.010156 0.011719 0.020313 0.023438
0 0.009375 0.013281 0.018750 0.026562
0 0.010937 0.008594 0.021875 0.017188
0 0.010937 0.010156 0.021875 0.020313
0 0.012500 0.007031 0.024219 0.014063
0 0.011719 0.007812 0.023438 0.015625
0 0.005469 0.024219 0.010937 0.048438
0 0.013281 0.023438 0.026562 0.046875
0 0.010156 0.007031 0.020313 0.014063
0 0.003125 0.032031 0.006250 0.064062
0 0.003906 0.027344 0.007812 0.054688
0 0.003906 0.028906 0.007812 0.057031
0 0.015625 0.035937 0.031250 0.071875
0 0.005469 0.032031 0.010937 0.064062
0 0.006250 0.023438 0.012500 0.046875
0 0.010156 0.022656 0.020313 0.045312
0 0.008594 0.023438 0.017188 0.046875
0 0.009375 0.024219 0.018750 0.048438
0 0.009375 0.019531 0.018750 0.039062
0 0.007812 0.034375 0.015625 0.068750
0 0.007812 0.033594 0.015625 0.066406
0 0.006250 0.025781 0.012500 0.051562
0 0.007812 0.033594 0.015625 0.067187
0 0.005469 0.029687 0.010937 0.059375
0 0.009375 0.007031 0.018750 0.014063
0 0.007031 0.010937 0.014063 0.021875
0 0.008594 0.025000 0.016406 0.050000
0 0.007812 0.015625 0.015625 0.031250
0 0.002344 0.016406 0.004687 0.032813
0 0.007812 0.011719 0.015625 0.023438
0 0.007031 0.018750 0.014063 0.037500
0 0.010937 0.012500 0.021094 0.024219
0 0.009375 0.012500 0.018750 0.025000
0 0.005469 0.034375 0.010937 0.068750
0 0.005469 0.039062 0.010937 0.078125
0 0.007031 0.033594 0.014063 0.066406
0 0.002344 0.028906 0.004687 0.057813
0 0.010156 0.039062 0.020313 0.078125
0 0.007031 0.028125 0.014063 0.056250
0 0.007812 0.016406 0.014844 0.032813
0 0.007812 0.027344 0.014844 0.054688
0 0.006250 0.026562 0.012500 0.053125
0 0.006250 0.028125 0.012500 0.056250
0 0.010156 0.028125 0.020313 0.056250
0 0.007812 0.037500 0.015625 0.075000
0 0.006250 0.031250 0.011719 0.062500
0 0.004687 0.022656 0.008594 0.045312
0 0.003906 0.021094 0.007812 0.042188
0 0.003906 0.017969 0.007812 0.035937
0 0.006250 0.007812 0.011719 0.015625
0 0.007031 0.005469 0.014063 0.010937
0 0.007812 0.004687 0.015625 0.009375
0 0.004687 0.014063 0.009375 0.028125
0 0.004687 0.009375 0.009375 0.018750
0 0.010156 0.007812 0.019531 0.015625
0 0.008594 0.011719 0.017188 0.023438
0 0.009375 0.003125 0.018750 0.006250
0 0.008594 0.008594 0.017188 0.017188
0 0.007031 0.004687 0.014063 0.009375
0 0.007031 0.010156 0.014063 0.020313
0 0.005469 0.011719 0.010937 0.023438
0 0.007031 0.015625 0.014063 0.031250
0 0.007031 0.006250 0.014063 0.012500
0 0.009375 0.020313 0.018750 0.040625
0 0.005469 0.007812 0.010937 0.015625
0 0.007031 0.009375 0.014063 0.018750
0 0.008594 0.025781 0.017188 0.051562
0 0.008594 0.012500 0.017188 0.025000
0 0.005469 0.028906 0.010937 0.057813
0 0.005469 0.006250 0.010937 0.012500
0 0.007031 0.008594 0.014063 0.017188
0 0.010156 0.032813 0.020313 0.065625
0 0.005469 0.030469 0.010937 0.060937
0 0.012500 0.038281 0.025000 0.076563
0 0.004687 0.008594 0.009375 0.017188
0 0.005469 0.023438 0.010937 0.046875
0 0.008594 0.007812 0.017188 0.015625
0 0.009375 0.004687 0.018750 0.009375
0 0.009375 0.006250 0.018750 0.012500
0 0.008594 0.005469 0.017188 0.010937
0 0.009375 0.009375 0.018750 0.018750
0 0.003125 0.010156 0.006250 0.020313
0 0.011719 0.009375 0.023438 0.017969
0 0.010937 0.012500 0.021875 0.024219
0 0.010937 0.004687 0.021875 0.008594
0 0.009375 0.022656 0.018750 0.045312
0 0.006250 0.017188 0.011719 0.034375
0 0.003906 0.021875 0.007812 0.043750
0 0.005469 0.027344 0.010937 0.054688
0 0.003125 0.019531 0.006250 0.039062
0 0.003125 0.023438 0.006250 0.046875
0 0.009375 0.031250 0.018750 0.062500
0 0.010937 0.007812 0.021875 0.015625
0 0.007031 0.021094 0.014063 0.042188
0 0.021094 0.045312 0.042188 0.089844
0 0.010937 0.025000 0.021875 0.050000
0 0.004687 0.039844 0.008594 0.078906
0 0.003906 0.038281 0.007812 0.076563
0 0.013281 0.008594 0.026562 0.017188
0 0.010156 0.010937 0.020313 0.021875
0 0.010156 0.013281 0.019531 0.026562
0 0.014844 0.104688 0.029687 0.209375
0 0.012500 0.037500 0.025000 0.074219
0 0.007812 0.018750 0.014844 0.037500
0 0.006250 0.017969 0.012500 0.035937
0 0.006250 0.014844 0.012500 0.029687
0 0.006250 0.016406 0.012500 0.032813
0 0.007031 0.017188 0.014063 0.033594
0 0.007031 0.014063 0.014063 0.028125
0 0.007031 0.011719 0.014063 0.023438
0 0.008594 0.022656 0.016406 0.045312
0 0.004687 0.019531 0.009375 0.039062
0 0.005469 0.007031 0.010937 0.014063
