0 0.010156 0.015625 0.020313 0.030469
0 0.010937 0.013281 0.021875 0.026562
0 0.011719 0.014063 0.023438 0.028125
0 0.010937 0.011719 0.021875 0.023438
0 0.009375 0.013281 0.018750 0.026562
0 0.010156 0.011719 0.020313 0.023438
0 0.009375 0.014844 0.017969 0.028906
0 0.008594 0.011719 0.017188 0.023438
0 0.012500 0.013281 0.024219 0.025781
0 0.011719 0.016406 0.023438 0.032031
0 0.010156 0.014063 0.019531 0.028125
0 0.004687 0.009375 0.009375 0.018750
0 0.005469 0.009375 0.010937 0.018750
0 0.013281 0.012500 0.025781 0.025000
0 0.012500 0.013281 0.025000 0.026562
0 0.013281 0.017969 0.026562 0.035937
0 0.003906 0.009375 0.007812 0.017969
0 0.004687 0.008594 0.009375 0.017188
0 0.009375 0.013281 0.018750 0.025781
0 0.005469 0.010156 0.010937 0.019531
0 0.005469 0.011719 0.010937 0.022656
0 0.009375 0.010156 0.018750 0.020313
0 0.004687 0.010156 0.009375 0.020313
0 0.005469 0.010937 0.010937 0.021094
0 0.014063 0.016406 0.027344 0.032813
0 0.009375 0.011719 0.018750 0.023438
0 0.011719 0.010156 0.023438 0.019531
0 0.007812 0.011719 0.015625 0.022656
0 0.003906 0.008594 0.007812 0.017188
0 0.003906 0.007812 0.007812 0.015625
0 0.005469 0.007812 0.010156 0.015625
0 0.006250 0.009375 0.011719 0.018750
0 0.006250 0.010156 0.011719 0.020313
0 0.005469 0.008594 0.010937 0.017188
0 0.005469 0.010156 0.010937 0.020313
0 0.004687 0.009375 0.009375 0.017969
0 0.008594 0.012500 0.017188 0.025000
0 0.006250 0.010937 0.011719 0.021875
0 0.011719 0.011719 0.023438 0.023438
0 0.006250 0.011719 0.012500 0.022656
0 0.006250 0.010156 0.012500 0.019531
0 0.006250 0.010937 0.012500 0.021875
0 0.007031 0.010937 0.013281 0.021094
0 0.007031 0.011719 0.013281 0.022656
0 0.007031 0.010937 0.014063 0.021875
0 0.007031 0.011719 0.014063 0.022656
0 0.007031 0.011719 0.014063 0.023438
0 0.007031 0.012500 0.014063 0.024219
0 0.007812 0.010156 0.015625 0.020313
0 0.014063 0.014063 0.028125 0.028125
0 0.011719 0.010156 0.023438 0.020313
0 0.008594 0.042188 0.017188 0.084375
0 0.008594 0.009375 0.017188 0.018750
0 0.009375 0.012500 0.018750 0.025000
0 0.010937 0.010156 0.021875 0.020313
0 0.012500 0.016406 0.025000 0.032031
0 0.012500 0.015625 0.025000 0.031250
0 0.007031 0.015625 0.014063 0.031250
0 0.011719 0.015625 0.023438 0.031250
0 0.010937 0.014844 0.021875 0.029687
0 0.010937 0.014063 0.021875 0.028125
0 0.009375 0.014063 0.018750 0.028125
0 0.019531 0.014844 0.039062 0.028906
0 0.007812 0.012500 0.015625 0.025000
0 0.015625 0.011719 0.031250 0.023438
0 0.007812 0.013281 0.015625 0.025781
0 0.010937 0.012500 0.021875 0.025000
0 0.007812 0.011719 0.015625 0.023438
0 0.007031 0.013281 0.014063 0.026562
0 0.004687 0.028906 0.009375 0.057813
0 0.012500 0.035156 0.024219 0.070312
0 0.010937 0.045312 0.021094 0.090625
0 0.010156 0.046875 0.020313 0.092969
0 0.008594 0.041406 0.016406 0.082812
0 0.007031 0.039062 0.014063 0.078125
0 0.007031 0.039844 0.014063 0.079687
0 0.006250 0.037500 0.012500 0.075000
0 0.007031 0.037500 0.014063 0.075000
0 0.004687 0.033594 0.009375 0.066406
0 0.003906 0.038281 0.007812 0.076563
0 0.003125 0.039062 0.006250 0.078125
0 0.003125 0.037500 0.006250 0.075000
0 0.003906 0.038281 0.007031 0.076563
0 0.004687 0.035156 0.009375 0.070312
0 0.005469 0.032031 0.010937 0.064062
0 0.005469 0.032813 0.010937 0.065625
0 0.003125 0.030469 0.006250 0.060937
0 0.004687 0.031250 0.009375 0.062500
0 0.005469 0.031250 0.010937 0.061719
0 0.007031 0.016406 0.014063 0.032813
0 0.007031 0.012500 0.014063 0.025000
0 0.006250 0.011719 0.011719 0.023438
0 0.009375 0.013281 0.017969 0.025781
0 0.008594 0.014063 0.017188 0.028125
0 0.008594 0.013281 0.016406 0.026562
0 0.008594 0.013281 0.016406 0.025781
0 0.007812 0.013281 0.015625 0.026562
0 0.010937 0.011719 0.021875 0.022656
0 0.010937 0.010937 0.021875 0.021875
0 0.014844 0.014844 0.029687 0.029687
0 0.006250 0.011719 0.012500 0.023438
0 0.010156 0.014063 0.020313 0.028125
0 0.006250 0.010937 0.012500 0.021094
0 0.004687 0.011719 0.009375 0.023438
0 0.005469 0.010937 0.010937 0.021875
0 0.005469 0.010937 0.010156 0.021094
0 0.005469 0.010156 0.010156 0.019531
0 0.010937 0.017188 0.021094 0.034375
0 0.010156 0.014844 0.020313 0.029687
0 0.010156 0.017188 0.020313 0.034375
0 0.012500 0.017188 0.025000 0.034375
0 0.012500 0.017188 0.024219 0.034375
0 0.011719 0.013281 0.023438 0.026562
0 0.011719 0.016406 0.023438 0.032813
