0 0.004687 0.024219 0.009375 0.048438
0 0.006250 0.024219 0.011719 0.048438
0 0.004687 0.023438 0.009375 0.046875
0 0.006250 0.022656 0.012500 0.045312
0 0.004687 0.025781 0.009375 0.051562
0 0.004687 0.046875 0.009375 0.093750
0 0.003906 0.025000 0.007812 0.050000
0 0.007031 0.025000 0.014063 0.050000
0 0.006250 0.020313 0.012500 0.040625
0 0.009375 0.025000 0.018750 0.049219
0 0.008594 0.023438 0.017188 0.046875
0 0.007031 0.023438 0.014063 0.046875
0 0.004687 0.022656 0.009375 0.045312
0 0.009375 0.022656 0.018750 0.045312
0 0.005469 0.015625 0.010937 0.031250
0 0.002344 0.014063 0.004687 0.028125
0 0.005469 0.025000 0.010937 0.050000
0 0.005469 0.019531 0.010937 0.039062
0 0.009375 0.010937 0.018750 0.021094
0 0.007031 0.015625 0.013281 0.031250
0 0.004687 0.010156 0.009375 0.020313
0 0.006250 0.022656 0.012500 0.044531
0 0.005469 0.012500 0.010937 0.025000
0 0.004687 0.020313 0.009375 0.040625
0 0.004687 0.016406 0.009375 0.032813
0 0.003906 0.019531 0.007812 0.038281
0 0.005469 0.024219 0.010156 0.048438
0 0.006250 0.025000 0.012500 0.049219
0 0.007031 0.025781 0.014063 0.050781
0 0.010156 0.025781 0.020313 0.051562
0 0.008594 0.025000 0.017188 0.050000
0 0.003906 0.017188 0.007031 0.034375
0 0.003906 0.020313 0.007812 0.040625
0 0.003906 0.021094 0.007031 0.042188
0 0.005469 0.022656 0.010156 0.044531
0 0.004687 0.021094 0.009375 0.042188
0 0.004687 0.019531 0.009375 0.039062
0 0.003906 0.023438 0.007812 0.046875
0 0.005469 0.021094 0.010937 0.042188
0 0.003125 0.021875 0.006250 0.043750
0 0.004687 0.023438 0.009375 0.046094
0 0.005469 0.021875 0.010937 0.043750
0 0.006250 0.025000 0.012500 0.050000
0 0.003125 0.017969 0.006250 0.035937
0 0.011719 0.036719 0.023438 0.073438
0 0.007031 0.023438 0.014063 0.046094
0 0.008594 0.024219 0.016406 0.048438
0 0.009375 0.027344 0.018750 0.054688
0 0.007812 0.027344 0.015625 0.054688
0 0.006250 0.024219 0.012500 0.048438
0 0.010156 0.024219 0.020313 0.047656
0 0.019531 0.033594 0.039062 0.067187
0 0.010156 0.024219 0.020313 0.048438
0 0.010156 0.030469 0.020313 0.060937
0 0.004687 0.017969 0.009375 0.035937
0 0.006250 0.006250 0.012500 0.012500
0 0.005469 0.020313 0.010937 0.040625
0 0.003125 0.026562 0.006250 0.053125
0 0.004687 0.026562 0.009375 0.053125
0 0.005469 0.029687 0.010937 0.059375
0 0.003125 0.017188 0.006250 0.034375
0 0.002344 0.025000 0.004687 0.049219
0 0.006250 0.049219 0.012500 0.098437
0 0.010156 0.053125 0.020313 0.106250
0 0.011719 0.059375 0.023438 0.118750
0 0.012500 0.058594 0.024219 0.117188
0 0.014063 0.059375 0.028125 0.118750
0 0.010156 0.050781 0.019531 0.100781
0 0.010937 0.046094 0.021875 0.092188
0 0.010937 0.027344 0.021875 0.054688
0 0.010937 0.026562 0.021875 0.053125
0 0.005469 0.023438 0.010937 0.046875
0 0.003906 0.025781 0.007812 0.051562
0 0.005469 0.026562 0.010937 0.053125
0 0.003906 0.027344 0.007812 0.053906
0 0.010156 0.021094 0.020313 0.042188
0 0.010937 0.025000 0.021094 0.050000
0 0.010937 0.025000 0.021875 0.050000
0 0.003125 0.019531 0.006250 0.038281
0 0.003906 0.017969 0.007812 0.035937
0 0.003906 0.019531 0.007031 0.038281
0 0.004687 0.018750 0.009375 0.037500
0 0.003906 0.014844 0.007812 0.029687
0 0.002344 0.014844 0.004687 0.029687
0 0.004687 0.021875 0.009375 0.043750
0 0.007812 0.034375 0.015625 0.067969
0 0.004687 0.021875 0.009375 0.042969
0 0.006250 0.023438 0.012500 0.046875
0 0.003906 0.024219 0.007812 0.047656
0 0.007812 0.022656 0.015625 0.045312
0 0.003906 0.021875 0.007812 0.043750
0 0.010156 0.026562 0.020313 0.052344
0 0.007031 0.031250 0.013281 0.062500
0 0.011719 0.041406 0.023438 0.082031
0 0.009375 0.019531 0.017969 0.039062
0 0.011719 0.042188 0.023438 0.083594
0 0.005469 0.017969 0.010937 0.035937
0 0.007812 0.004687 0.014844 0.008594
0 0.008594 0.017969 0.017188 0.035937
0 0.009375 0.004687 0.017969 0.009375
0 0.007812 0.003125 0.015625 0.005469
0 0.008594 0.010156 0.017188 0.019531
0 0.007031 0.017188 0.014063 0.034375
0 0.008594 0.007031 0.017188 0.014063
0 0.003125 0.030469 0.006250 0.060937
0 0.009375 0.009375 0.018750 0.018750
0 0.007031 0.011719 0.013281 0.023438
0 0.008594 0.009375 0.016406 0.017969
0 0.010156 0.009375 0.020313 0.018750
0 0.010156 0.014844 0.020313 0.028906
0 0.006250 0.017188 0.012500 0.034375
0 0.009375 0.017188 0.018750 0.034375
