0 0.005469 0.021875 0.010937 0.043750
0 0.007031 0.023438 0.014063 0.046094
0 0.003906 0.020313 0.007812 0.040625
0 0.004687 0.019531 0.009375 0.039062
0 0.006250 0.022656 0.012500 0.045312
0 0.004687 0.020313 0.009375 0.040625
0 0.009375 0.026562 0.018750 0.052344
0 0.007031 0.022656 0.013281 0.045312
0 0.006250 0.010156 0.012500 0.020313
0 0.004687 0.003906 0.009375 0.007812
0 0.010156 0.005469 0.019531 0.010937
0 0.003906 0.021875 0.007812 0.043750
0 0.010156 0.004687 0.020313 0.008594
0 0.007812 0.023438 0.015625 0.046875
0 0.003906 0.021094 0.007031 0.042188
0 0.007031 0.023438 0.014063 0.046875
0 0.009375 0.024219 0.018750 0.048438
0 0.005469 0.015625 0.010937 0.031250
0 0.003125 0.017188 0.006250 0.034375
0 0.002344 0.008594 0.004687 0.017188
0 0.004687 0.009375 0.009375 0.018750
0 0.003125 0.009375 0.006250 0.018750
0 0.003906 0.010156 0.007812 0.020313
0 0.003906 0.010156 0.007812 0.019531
0 0.002344 0.010937 0.004687 0.021875
0 0.004687 0.005469 0.009375 0.010937
0 0.006250 0.003906 0.012500 0.007812
0 0.004687 0.016406 0.009375 0.032813
0 0.010937 0.025000 0.021875 0.049219
0 0.015625 0.025000 0.031250 0.050000
0 0.010156 0.014063 0.020313 0.028125
0 0.005469 0.024219 0.010937 0.048438
0 0.005469 0.026562 0.010937 0.053125
0 0.004687 0.025000 0.009375 0.050000
0 0.003906 0.015625 0.007812 0.031250
0 0.007812 0.024219 0.014844 0.048438
0 0.007812 0.022656 0.015625 0.045312
0 0.007812 0.025000 0.015625 0.050000
0 0.007812 0.027344 0.015625 0.054688
0 0.015625 0.020313 0.031250 0.040625
0 0.003906 0.017188 0.007031 0.034375
0 0.005469 0.015625 0.010156 0.031250
0 0.009375 0.022656 0.018750 0.045312
0 0.007812 0.024219 0.015625 0.047656
0 0.008594 0.021875 0.017188 0.043750
0 0.007812 0.023438 0.015625 0.046094
0 0.008594 0.021094 0.017188 0.042188
0 0.003125 0.008594 0.006250 0.017188
0 0.007031 0.006250 0.014063 0.011719
0 0.006250 0.006250 0.012500 0.011719
0 0.010156 0.019531 0.019531 0.038281
0 0.011719 0.017188 0.023438 0.034375
0 0.010937 0.018750 0.021875 0.037500
0 0.008594 0.017969 0.017188 0.035156
0 0.008594 0.022656 0.017188 0.045312
0 0.009375 0.021094 0.018750 0.041406
0 0.007812 0.021875 0.015625 0.043750
0 0.007031 0.021094 0.014063 0.042188
0 0.009375 0.021094 0.018750 0.042188
0 0.008594 0.021875 0.016406 0.042969
0 0.008594 0.020313 0.017188 0.040625
0 0.007812 0.020313 0.015625 0.040625
0 0.007812 0.008594 0.015625 0.017188
0 0.007812 0.018750 0.015625 0.037500
0 0.003125 0.016406 0.006250 0.032813
0 0.008594 0.024219 0.017188 0.048438
0 0.007812 0.013281 0.015625 0.026562
0 0.007812 0.027344 0.015625 0.053906
0 0.003906 0.017969 0.007812 0.035937
0 0.006250 0.033594 0.011719 0.066406
0 0.007031 0.031250 0.014063 0.062500
0 0.010156 0.022656 0.020313 0.045312
0 0.010937 0.021875 0.021094 0.042969
0 0.010937 0.021094 0.021875 0.042188
0 0.010156 0.021094 0.020313 0.042188
0 0.013281 0.033594 0.026562 0.067187
0 0.014844 0.028906 0.029687 0.057813
0 0.012500 0.027344 0.025000 0.054688
0 0.007812 0.032031 0.015625 0.064062
0 0.005469 0.033594 0.010937 0.067187
0 0.007812 0.028125 0.014844 0.056250
0 0.006250 0.033594 0.012500 0.067187
0 0.006250 0.029687 0.012500 0.059375
0 0.007812 0.035156 0.015625 0.070312
0 0.007031 0.035937 0.014063 0.071875
0 0.007031 0.037500 0.014063 0.074219
0 0.009375 0.029687 0.018750 0.059375
0 0.005469 0.035156 0.010156 0.070312
0 0.008594 0.034375 0.017188 0.068750
0 0.007812 0.035156 0.014844 0.069531
0 0.010937 0.034375 0.021875 0.068750
0 0.009375 0.020313 0.017969 0.039844
0 0.006250 0.011719 0.011719 0.022656
0 0.010937 0.017969 0.021094 0.035156
0 0.009375 0.018750 0.018750 0.037500
0 0.006250 0.017969 0.011719 0.035156
0 0.008594 0.027344 0.016406 0.054688
0 0.009375 0.030469 0.018750 0.060937
0 0.020313 0.039844 0.040625 0.078906
0 0.018750 0.037500 0.037500 0.075000
0 0.007031 0.020313 0.014063 0.040625
0 0.007812 0.019531 0.015625 0.039062
0 0.007812 0.021094 0.015625 0.042188
0 0.009375 0.020313 0.018750 0.040625
0 0.010156 0.017969 0.020313 0.035937
0 0.010156 0.021094 0.019531 0.042188
0 0.006250 0.019531 0.012500 0.039062
0 0.007812 0.021094 0.015625 0.041406
0 0.010156 0.021875 0.020313 0.042969
0 0.009375 0.023438 0.018750 0.046094
0 0.009375 0.021875 0.018750 0.043750
0 0.011719 0.016406 0.023438 0.032813
0 0.014063 0.008594 0.027344 0.017188
0 0.012500 0.004687 0.025000 0.009375
0 0.006250 0.027344 0.012500 0.054688
