0 0.008594 0.007812 0.016406 0.014844
0 0.007031 0.006250 0.014063 0.011719
0 0.008594 0.015625 0.017188 0.030469
0 0.010156 0.013281 0.019531 0.025781
0 0.007812 0.012500 0.015625 0.025000
0 0.009375 0.012500 0.018750 0.025000
0 0.008594 0.012500 0.017188 0.025000
0 0.008594 0.014063 0.017188 0.028125
0 0.008594 0.014844 0.017188 0.028906
0 0.005469 0.022656 0.010937 0.045312
0 0.007031 0.020313 0.014063 0.039844
0 0.010937 0.021875 0.021094 0.042969
0 0.004687 0.007031 0.009375 0.014063
0 0.003906 0.005469 0.007812 0.010937
0 0.004687 0.023438 0.009375 0.046875
0 0.003906 0.010156 0.007031 0.020313
0 0.005469 0.010937 0.010156 0.021094
0 0.011719 0.012500 0.023438 0.024219
0 0.009375 0.011719 0.018750 0.023438
0 0.010156 0.014844 0.019531 0.029687
0 0.010156 0.014844 0.020313 0.029687
0 0.009375 0.014063 0.017969 0.027344
0 0.009375 0.013281 0.018750 0.026562
0 0.009375 0.013281 0.017969 0.026562
0 0.009375 0.014063 0.018750 0.028125
0 0.006250 0.021875 0.011719 0.043750
0 0.003906 0.019531 0.007812 0.039062
0 0.005469 0.007812 0.010156 0.014844
0 0.004687 0.010937 0.009375 0.021875
0 0.004687 0.008594 0.009375 0.016406
0 0.003906 0.021875 0.007812 0.043750
0 0.004687 0.020313 0.009375 0.039844
0 0.004687 0.020313 0.009375 0.040625
0 0.004687 0.021094 0.009375 0.042188
0 0.003125 0.015625 0.006250 0.031250
0 0.001563 0.014844 0.003125 0.029687
0 0.002344 0.015625 0.004687 0.030469
0 0.005469 0.023438 0.010937 0.046875
0 0.003906 0.022656 0.007812 0.045312
0 0.005469 0.024219 0.010937 0.048438
0 0.003125 0.018750 0.006250 0.036719
0 0.003125 0.019531 0.006250 0.039062
0 0.005469 0.008594 0.010156 0.017188
0 0.005469 0.007812 0.010937 0.015625
0 0.010937 0.014063 0.021875 0.028125
0 0.005469 0.021875 0.010937 0.042969
0 0.005469 0.025000 0.010937 0.050000
0 0.011719 0.039844 0.023438 0.079687
0 0.006250 0.025000 0.012500 0.049219
0 0.004687 0.016406 0.009375 0.032813
0 0.003906 0.015625 0.007812 0.031250
0 0.006250 0.006250 0.012500 0.012500
0 0.003906 0.017969 0.007812 0.035937
0 0.004687 0.024219 0.009375 0.048438
0 0.003906 0.011719 0.007812 0.023438
0 0.003125 0.018750 0.006250 0.037500
0 0.006250 0.009375 0.011719 0.017969
0 0.003906 0.018750 0.007812 0.037500
0 0.003906 0.026562 0.007812 0.052344
0 0.004687 0.025781 0.009375 0.051562
0 0.003125 0.021875 0.006250 0.042969
0 0.003125 0.021875 0.006250 0.043750
0 0.004687 0.018750 0.009375 0.036719
0 0.006250 0.024219 0.011719 0.047656
0 0.004687 0.012500 0.009375 0.025000
0 0.003906 0.024219 0.007812 0.048438
0 0.010937 0.016406 0.021875 0.032813
0 0.009375 0.007031 0.017969 0.014063
0 0.009375 0.007031 0.018750 0.014063
0 0.003125 0.020313 0.006250 0.040625
0 0.002344 0.020313 0.004687 0.040625
0 0.004687 0.025000 0.009375 0.050000
0 0.004687 0.023438 0.009375 0.046094
0 0.003125 0.024219 0.006250 0.048438
0 0.003906 0.025000 0.007031 0.050000
0 0.006250 0.025781 0.012500 0.051562
0 0.005469 0.023438 0.010156 0.046875
0 0.007031 0.022656 0.014063 0.045312
0 0.004687 0.019531 0.009375 0.039062
0 0.011719 0.013281 0.022656 0.026562
0 0.010156 0.015625 0.020313 0.031250
0 0.003906 0.025000 0.007812 0.050000
0 0.007812 0.010937 0.014844 0.021875
0 0.005469 0.010156 0.010156 0.020313
0 0.010937 0.015625 0.021094 0.030469
0 0.005469 0.008594 0.010937 0.017188
0 0.004687 0.009375 0.009375 0.018750
0 0.005469 0.009375 0.010937 0.018750
0 0.005469 0.008594 0.010937 0.016406
0 0.005469 0.029687 0.010156 0.059375
0 0.007031 0.020313 0.014063 0.040625
0 0.005469 0.010156 0.010937 0.020313
0 0.003906 0.013281 0.007812 0.026562
0 0.003125 0.014063 0.006250 0.028125
0 0.004687 0.021875 0.009375 0.043750
0 0.009375 0.012500 0.017969 0.025000
0 0.005469 0.006250 0.010937 0.012500
