0 0.005469 0.028906 0.010937 0.057813
0 0.008594 0.031250 0.017188 0.062500
0 0.005469 0.027344 0.010937 0.054688
0 0.004687 0.027344 0.009375 0.054688
0 0.003906 0.027344 0.007812 0.053906
0 0.006250 0.027344 0.011719 0.053906
0 0.003125 0.020313 0.006250 0.040625
0 0.004687 0.020313 0.009375 0.040625
0 0.004687 0.030469 0.008594 0.060937
0 0.005469 0.029687 0.010937 0.059375
0 0.004687 0.019531 0.009375 0.039062
0 0.005469 0.021875 0.010937 0.043750
0 0.003906 0.025000 0.007812 0.050000
0 0.004687 0.025000 0.009375 0.050000
0 0.003906 0.022656 0.007031 0.045312
0 0.004687 0.021875 0.009375 0.043750
0 0.003906 0.022656 0.007812 0.045312
0 0.006250 0.021094 0.012500 0.042188
0 0.005469 0.019531 0.010937 0.039062
0 0.009375 0.010937 0.018750 0.021875
0 0.009375 0.012500 0.018750 0.025000
0 0.011719 0.020313 0.023438 0.040625
0 0.010937 0.018750 0.021875 0.037500
0 0.004687 0.028125 0.008594 0.056250
0 0.006250 0.028125 0.012500 0.056250
0 0.006250 0.032031 0.011719 0.064062
0 0.007812 0.035156 0.014844 0.070312
0 0.007031 0.035156 0.014063 0.070312
0 0.006250 0.027344 0.012500 0.054688
0 0.007031 0.031250 0.014063 0.062500
0 0.005469 0.028125 0.010937 0.055469
0 0.005469 0.024219 0.010156 0.048438
0 0.003906 0.025781 0.007812 0.051562
0 0.004687 0.028125 0.009375 0.056250
0 0.003906 0.026562 0.007812 0.053125
0 0.004687 0.026562 0.009375 0.053125
0 0.003906 0.028125 0.007812 0.056250
0 0.004687 0.028125 0.009375 0.055469
0 0.003906 0.026562 0.007031 0.053125
0 0.006250 0.010937 0.012500 0.021875
0 0.006250 0.010937 0.011719 0.021875
0 0.004687 0.014063 0.009375 0.028125
0 0.007031 0.030469 0.014063 0.060937
0 0.007031 0.010156 0.014063 0.020313
0 0.006250 0.011719 0.012500 0.023438
0 0.004687 0.010156 0.009375 0.020313
0 0.006250 0.012500 0.011719 0.024219
0 0.004687 0.007812 0.009375 0.015625
0 0.005469 0.008594 0.010937 0.017188
0 0.004687 0.008594 0.009375 0.017188
0 0.004687 0.007031 0.008594 0.014063
0 0.003906 0.020313 0.007031 0.039844
0 0.005469 0.025000 0.010937 0.050000
0 0.003906 0.019531 0.007812 0.039062
0 0.006250 0.010156 0.012500 0.020313
0 0.004687 0.022656 0.009375 0.045312
0 0.006250 0.025781 0.012500 0.050781
