0 0.030469 0.004687 0.060937 0.009375
0 0.007812 0.023438 0.015625 0.046875
0 0.017188 0.023438 0.034375 0.046875
0 0.023438 0.023438 0.046875 0.046875
0 0.015625 0.004687 0.031250 0.008594
0 0.017188 0.003906 0.034375 0.007031
0 0.024219 0.003906 0.048438 0.007031
0 0.026562 0.007812 0.053125 0.014844
0 0.023438 0.007812 0.046094 0.014844
0 0.025000 0.004687 0.050000 0.009375
0 0.010156 0.012500 0.020313 0.025000
0 0.016406 0.014844 0.032813 0.029687
0 0.016406 0.013281 0.032813 0.026562
0 0.017188 0.014063 0.034375 0.027344
0 0.018750 0.010937 0.037500 0.021875
0 0.020313 0.009375 0.040625 0.018750
0 0.026562 0.009375 0.053125 0.018750
0 0.027344 0.004687 0.054688 0.008594
0 0.028125 0.005469 0.056250 0.010156
0 0.028906 0.005469 0.057813 0.010937
0 0.030469 0.006250 0.060937 0.011719
0 0.012500 0.014063 0.025000 0.028125
0 0.014063 0.010937 0.028125 0.021875
0 0.006250 0.017188 0.012500 0.034375
0 0.008594 0.021094 0.017188 0.042188
0 0.022656 0.020313 0.045312 0.040625
0 0.015625 0.013281 0.031250 0.025781
0 0.021875 0.017188 0.043750 0.033594
0 0.018750 0.020313 0.037500 0.040625
0 0.021875 0.021094 0.043750 0.042188
0 0.010937 0.023438 0.021875 0.046875
0 0.021875 0.007031 0.043750 0.014063
0 0.020313 0.010156 0.040625 0.019531
0 0.019531 0.004687 0.039062 0.008594
0 0.019531 0.003125 0.039062 0.006250
0 0.018750 0.004687 0.037500 0.009375
0 0.007031 0.021875 0.014063 0.043750
0 0.021875 0.003125 0.043750 0.005469
0 0.009375 0.006250 0.018750 0.011719
0 0.011719 0.014844 0.023438 0.028906
0 0.010937 0.018750 0.021875 0.037500
0 0.010937 0.017969 0.021875 0.035156
0 0.007812 0.017969 0.015625 0.035156
0 0.006250 0.007031 0.012500 0.014063
0 0.007812 0.019531 0.015625 0.039062
0 0.007031 0.020313 0.014063 0.039844
0 0.007031 0.021094 0.014063 0.042188
0 0.006250 0.020313 0.012500 0.040625
0 0.011719 0.012500 0.023438 0.025000
0 0.010156 0.026562 0.020313 0.053125
0 0.017188 0.033594 0.034375 0.066406
0 0.022656 0.003906 0.045312 0.007031
0 0.009375 0.020313 0.018750 0.039844
0 0.017188 0.020313 0.033594 0.039844
0 0.016406 0.023438 0.032813 0.046875
0 0.015625 0.021094 0.030469 0.041406
0 0.021094 0.023438 0.042188 0.046875
0 0.020313 0.021875 0.040625 0.043750
0 0.019531 0.020313 0.039062 0.040625
0 0.012500 0.016406 0.025000 0.032813
0 0.011719 0.016406 0.023438 0.032813
0 0.014063 0.018750 0.028125 0.036719
0 0.015625 0.018750 0.031250 0.036719
0 0.012500 0.018750 0.025000 0.037500
0 0.017188 0.018750 0.034375 0.037500
0 0.009375 0.021875 0.018750 0.043750
0 0.021875 0.032813 0.042969 0.064844
0 0.023438 0.039062 0.046875 0.077344
0 0.010156 0.030469 0.020313 0.060156
0 0.010937 0.017969 0.021875 0.035937
0 0.010937 0.023438 0.021875 0.046094
0 0.013281 0.014844 0.026562 0.028906
0 0.010937 0.014844 0.021875 0.028906
0 0.014063 0.030469 0.027344 0.060156
0 0.013281 0.033594 0.026562 0.066406
0 0.013281 0.030469 0.026562 0.060156
0 0.015625 0.020313 0.031250 0.040625
0 0.022656 0.005469 0.045312 0.010937
0 0.019531 0.032031 0.039062 0.063281
0 0.010937 0.011719 0.021875 0.023438
0 0.024219 0.004687 0.048438 0.009375
0 0.024219 0.004687 0.048438 0.008594
0 0.007031 0.016406 0.014063 0.032031
0 0.007031 0.017188 0.014063 0.034375
0 0.012500 0.017188 0.025000 0.034375
0 0.007812 0.017969 0.015625 0.035937
0 0.003906 0.017969 0.007812 0.035156
0 0.005469 0.018750 0.010937 0.036719
0 0.007031 0.019531 0.014063 0.039062
0 0.008594 0.019531 0.017188 0.038281
0 0.005469 0.020313 0.010937 0.040625
0 0.013281 0.010156 0.026562 0.019531
0 0.011719 0.015625 0.023438 0.030469
0 0.014063 0.014844 0.028125 0.029687
0 0.014063 0.017188 0.028125 0.033594
0 0.014844 0.011719 0.029687 0.023438
0 0.014063 0.013281 0.028125 0.026562
0 0.015625 0.015625 0.031250 0.031250
0 0.014844 0.017188 0.029687 0.033594
0 0.015625 0.017969 0.030469 0.035937
0 0.015625 0.017188 0.031250 0.034375
0 0.016406 0.019531 0.032813 0.039062
0 0.007031 0.020313 0.014063 0.040625
0 0.012500 0.023438 0.025000 0.046094
0 0.009375 0.017188 0.018750 0.034375
0 0.012500 0.020313 0.025000 0.039844
0 0.021094 0.021094 0.042188 0.042188
0 0.010156 0.021875 0.020313 0.043750
0 0.007812 0.014844 0.015625 0.029687
0 0.014063 0.007812 0.028125 0.014844
0 0.014063 0.020313 0.027344 0.039844
0 0.016406 0.017188 0.032813 0.034375
0 0.015625 0.018750 0.030469 0.036719
0 0.012500 0.022656 0.025000 0.044531
0 0.016406 0.020313 0.032813 0.040625
0 0.018750 0.018750 0.037500 0.037500
0 0.012500 0.020313 0.025000 0.040625
0 0.014844 0.016406 0.029687 0.032813
0 0.011719 0.014844 0.023438 0.029687
0 0.013281 0.013281 0.026562 0.026562
0 0.015625 0.011719 0.031250 0.023438
0 0.017188 0.021094 0.034375 0.042188
0 0.015625 0.020313 0.031250 0.039844
0 0.017188 0.024219 0.034375 0.047656
0 0.014844 0.018750 0.029687 0.036719
0 0.011719 0.010937 0.023438 0.021094
0 0.007031 0.014063 0.014063 0.028125
0 0.012500 0.023438 0.025000 0.046875
0 0.013281 0.012500 0.026562 0.024219
0 0.014844 0.012500 0.029687 0.025000
0 0.018750 0.012500 0.037500 0.025000
0 0.021875 0.024219 0.043750 0.047656
0 0.012500 0.014063 0.024219 0.028125
0 0.013281 0.014063 0.026562 0.028125
0 0.013281 0.017969 0.026562 0.035937
0 0.014844 0.015625 0.029687 0.031250
0 0.015625 0.018750 0.031250 0.037500
0 0.015625 0.017188 0.031250 0.033594
