0 0.003125 0.012500 0.006250 0.025000
0 0.010156 0.017969 0.019531 0.035156
0 0.009375 0.017969 0.018750 0.035937
0 0.007812 0.019531 0.015625 0.039062
0 0.007812 0.017969 0.014844 0.035937
0 0.007031 0.017188 0.014063 0.034375
0 0.006250 0.013281 0.011719 0.026562
0 0.005469 0.015625 0.010937 0.031250
0 0.011719 0.024219 0.023438 0.048438
0 0.003906 0.014844 0.007812 0.029687
0 0.004687 0.016406 0.009375 0.032813
0 0.004687 0.012500 0.009375 0.025000
0 0.004687 0.011719 0.009375 0.023438
0 0.003125 0.014063 0.006250 0.028125
0 0.003906 0.013281 0.007812 0.026562
0 0.005469 0.014844 0.010156 0.029687
0 0.003906 0.014844 0.007812 0.028906
0 0.015625 0.025781 0.031250 0.051562
0 0.006250 0.015625 0.012500 0.031250
0 0.016406 0.025000 0.032813 0.050000
0 0.013281 0.024219 0.026562 0.048438
0 0.017969 0.024219 0.035937 0.048438
0 0.012500 0.021875 0.025000 0.043750
0 0.010937 0.022656 0.021875 0.045312
0 0.007812 0.020313 0.015625 0.040625
0 0.006250 0.014844 0.011719 0.029687
0 0.007031 0.016406 0.014063 0.032813
0 0.005469 0.015625 0.010156 0.031250
0 0.010937 0.018750 0.021875 0.037500
0 0.009375 0.019531 0.018750 0.038281
0 0.008594 0.017969 0.017188 0.035937
0 0.006250 0.016406 0.012500 0.032813
0 0.013281 0.023438 0.025781 0.046094
0 0.003906 0.010937 0.007812 0.021875
0 0.003906 0.012500 0.007812 0.025000
0 0.003125 0.008594 0.005469 0.016406
0 0.003125 0.007812 0.005469 0.015625
0 0.007031 0.009375 0.014063 0.017969
0 0.006250 0.010937 0.012500 0.021094
0 0.006250 0.009375 0.011719 0.018750
0 0.006250 0.011719 0.012500 0.023438
0 0.002344 0.007812 0.004687 0.015625
0 0.003125 0.009375 0.006250 0.018750
0 0.003125 0.010156 0.005469 0.019531
0 0.003906 0.011719 0.007812 0.022656
0 0.003125 0.011719 0.006250 0.023438
0 0.008594 0.045312 0.017188 0.090625
0 0.003125 0.010156 0.005469 0.020313
0 0.004687 0.010937 0.009375 0.021875
0 0.003125 0.007812 0.006250 0.015625
0 0.003125 0.007031 0.006250 0.014063
0 0.005469 0.014063 0.010156 0.027344
0 0.003906 0.013281 0.007031 0.025781
0 0.003125 0.010937 0.006250 0.021094
0 0.003125 0.008594 0.006250 0.016406
0 0.002344 0.007031 0.004687 0.014063
0 0.003125 0.005469 0.006250 0.010937
0 0.014844 0.017188 0.029687 0.034375
0 0.009375 0.021094 0.018750 0.042188
0 0.005469 0.013281 0.010937 0.025781
0 0.007031 0.013281 0.014063 0.026562
0 0.007031 0.014063 0.013281 0.028125
0 0.005469 0.010937 0.010937 0.021875
0 0.006250 0.013281 0.012500 0.026562
0 0.005469 0.014844 0.010937 0.029687
0 0.007031 0.018750 0.014063 0.037500
0 0.007031 0.016406 0.013281 0.032813
0 0.007031 0.012500 0.014063 0.025000
0 0.007031 0.015625 0.013281 0.031250
0 0.007031 0.014844 0.013281 0.029687
0 0.006250 0.017188 0.011719 0.034375
0 0.005469 0.012500 0.010937 0.025000
0 0.006250 0.018750 0.012500 0.037500
0 0.007812 0.018750 0.015625 0.036719
0 0.008594 0.020313 0.017188 0.039844
0 0.008594 0.014844 0.017188 0.028906
0 0.007812 0.018750 0.015625 0.037500
0 0.009375 0.018750 0.018750 0.036719
0 0.010156 0.019531 0.020313 0.038281
0 0.010937 0.021875 0.021875 0.043750
0 0.009375 0.016406 0.017969 0.032813
0 0.004687 0.014063 0.009375 0.028125
0 0.003906 0.013281 0.007031 0.026562
0 0.003125 0.010937 0.006250 0.021875
0 0.003906 0.010937 0.007031 0.021094
0 0.003906 0.011719 0.007812 0.023438
0 0.004687 0.015625 0.009375 0.031250
0 0.007031 0.017969 0.013281 0.035156
0 0.005469 0.011719 0.010156 0.023438
0 0.006250 0.017188 0.012500 0.034375
0 0.003906 0.010156 0.007812 0.020313
0 0.003906 0.010156 0.007031 0.019531
0 0.003906 0.009375 0.007812 0.018750
0 0.003906 0.010937 0.007812 0.021094
0 0.003906 0.011719 0.007031 0.023438
0 0.003906 0.010156 0.007031 0.020313
0 0.008594 0.021094 0.016406 0.041406
0 0.003125 0.010156 0.006250 0.020313
