0 0.006250 0.025781 0.012500 0.051562
0 0.003125 0.018750 0.005469 0.037500
0 0.006250 0.022656 0.011719 0.045312
0 0.007031 0.024219 0.014063 0.047656
0 0.006250 0.024219 0.011719 0.047656
0 0.006250 0.023438 0.011719 0.046875
0 0.005469 0.023438 0.010937 0.046875
0 0.004687 0.022656 0.009375 0.045312
0 0.003906 0.021875 0.007812 0.043750
0 0.006250 0.027344 0.012500 0.054688
0 0.005469 0.022656 0.010937 0.045312
0 0.006250 0.024219 0.012500 0.048438
0 0.006250 0.023438 0.012500 0.046875
0 0.004687 0.021094 0.009375 0.042188
0 0.003906 0.018750 0.007031 0.036719
0 0.006250 0.021875 0.012500 0.043750
0 0.003906 0.022656 0.007812 0.045312
0 0.004687 0.020313 0.009375 0.040625
0 0.003906 0.018750 0.007812 0.037500
0 0.003906 0.019531 0.007812 0.038281
0 0.003125 0.019531 0.006250 0.039062
0 0.003906 0.019531 0.007031 0.038281
0 0.003125 0.017969 0.006250 0.035937
0 0.008594 0.020313 0.017188 0.040625
0 0.006250 0.019531 0.011719 0.039062
0 0.003125 0.020313 0.006250 0.040625
0 0.003906 0.017969 0.007031 0.035937
0 0.002344 0.018750 0.004687 0.037500
0 0.007031 0.025781 0.013281 0.051562
0 0.007031 0.025781 0.014063 0.051562
0 0.007031 0.025781 0.013281 0.050781
0 0.005469 0.025000 0.010937 0.049219
0 0.005469 0.025000 0.010937 0.050000
0 0.006250 0.025000 0.012500 0.050000
0 0.006250 0.024219 0.012500 0.047656
0 0.006250 0.026562 0.012500 0.053125
0 0.006250 0.025000 0.011719 0.049219
0 0.005469 0.025781 0.010937 0.051562
0 0.006250 0.026562 0.012500 0.052344
0 0.004687 0.024219 0.009375 0.048438
0 0.003125 0.018750 0.006250 0.037500
0 0.003906 0.017969 0.007812 0.035937
0 0.003906 0.019531 0.007812 0.039062
0 0.003906 0.020313 0.007812 0.040625
0 0.008594 0.024219 0.017188 0.048438
0 0.003906 0.017188 0.007031 0.034375
0 0.003906 0.018750 0.007031 0.037500
0 0.003125 0.017969 0.005469 0.035937
0 0.003125 0.017969 0.006250 0.035156
0 0.006250 0.021094 0.012500 0.042188
0 0.004687 0.018750 0.009375 0.037500
0 0.004687 0.021875 0.009375 0.043750
0 0.005469 0.020313 0.010937 0.040625
0 0.005469 0.019531 0.010937 0.039062
0 0.004687 0.019531 0.009375 0.039062
0 0.005469 0.019531 0.010156 0.039062
0 0.003906 0.018750 0.007812 0.036719
0 0.007031 0.014063 0.014063 0.028125
0 0.007031 0.014844 0.014063 0.029687
0 0.008594 0.016406 0.017188 0.032031
0 0.003125 0.017188 0.006250 0.034375
0 0.005469 0.021094 0.010937 0.042188
0 0.006250 0.021094 0.012500 0.041406
0 0.006250 0.021094 0.011719 0.042188
0 0.007031 0.019531 0.013281 0.038281
0 0.003906 0.016406 0.007812 0.032813
0 0.004687 0.018750 0.009375 0.036719
0 0.003906 0.017188 0.007812 0.034375
0 0.004687 0.019531 0.009375 0.038281
0 0.006250 0.021875 0.011719 0.043750
0 0.006250 0.020313 0.012500 0.040625
0 0.005469 0.021875 0.010937 0.043750
0 0.005469 0.021094 0.010156 0.042188
0 0.003906 0.017969 0.007031 0.035156
0 0.005469 0.026562 0.010937 0.052344
0 0.007031 0.027344 0.014063 0.053906
0 0.005469 0.028125 0.010937 0.056250
0 0.004687 0.020313 0.009375 0.039844
0 0.003906 0.021094 0.007812 0.042188
0 0.004687 0.021875 0.009375 0.042969
0 0.007812 0.025781 0.015625 0.051562
0 0.005469 0.028125 0.010937 0.055469
0 0.006250 0.028125 0.012500 0.055469
