0 0.009375 0.021094 0.018750 0.042188
0 0.010156 0.018750 0.020313 0.036719
0 0.010937 0.021094 0.021875 0.042188
0 0.006250 0.023438 0.012500 0.046875
0 0.009375 0.025000 0.018750 0.050000
0 0.010156 0.020313 0.020313 0.039844
0 0.010156 0.025781 0.020313 0.051562
0 0.010156 0.024219 0.020313 0.048438
0 0.009375 0.019531 0.018750 0.039062
0 0.008594 0.021094 0.017188 0.042188
0 0.010156 0.022656 0.020313 0.045312
0 0.010937 0.021875 0.021875 0.043750
0 0.007812 0.025000 0.015625 0.050000
0 0.004687 0.025781 0.009375 0.051562
0 0.008594 0.025781 0.017188 0.051562
0 0.009375 0.030469 0.018750 0.060937
0 0.008594 0.015625 0.016406 0.031250
0 0.006250 0.027344 0.012500 0.054688
0 0.007812 0.021094 0.014844 0.042188
0 0.009375 0.025781 0.018750 0.051562
0 0.006250 0.025000 0.012500 0.050000
0 0.009375 0.023438 0.018750 0.046875
0 0.004687 0.026562 0.009375 0.053125
0 0.007031 0.025000 0.013281 0.050000
0 0.008594 0.026562 0.017188 0.052344
0 0.010937 0.025000 0.021875 0.050000
0 0.007031 0.027344 0.014063 0.053906
0 0.010937 0.024219 0.021875 0.048438
0 0.005469 0.026562 0.010937 0.053125
0 0.008594 0.025000 0.017188 0.050000
0 0.007031 0.028906 0.014063 0.057031
0 0.010156 0.018750 0.020313 0.037500
0 0.007812 0.030469 0.015625 0.060937
0 0.010937 0.033594 0.021875 0.067187
0 0.007812 0.033594 0.015625 0.067187
0 0.007812 0.026562 0.015625 0.053125
0 0.004687 0.029687 0.009375 0.059375
0 0.009375 0.031250 0.018750 0.062500
0 0.007031 0.025000 0.014063 0.050000
0 0.003906 0.031250 0.007812 0.062500
0 0.010937 0.028906 0.021875 0.057813
0 0.007031 0.034375 0.014063 0.068750
0 0.007031 0.031250 0.014063 0.062500
0 0.010156 0.032031 0.019531 0.064062
0 0.007031 0.025000 0.014063 0.049219
0 0.009375 0.016406 0.018750 0.032813
0 0.010156 0.028906 0.020313 0.057031
0 0.007812 0.028125 0.015625 0.056250
0 0.007031 0.024219 0.014063 0.048438
0 0.005469 0.025781 0.010937 0.051562
0 0.009375 0.025000 0.018750 0.049219
0 0.007031 0.023438 0.014063 0.046875
0 0.007031 0.021094 0.014063 0.042188
0 0.007812 0.029687 0.015625 0.059375
0 0.007812 0.018750 0.015625 0.036719
0 0.005469 0.022656 0.010937 0.045312
0 0.003906 0.027344 0.007812 0.053906
0 0.005469 0.025000 0.010937 0.049219
0 0.006250 0.028906 0.012500 0.057031
0 0.009375 0.029687 0.018750 0.059375
0 0.006250 0.018750 0.012500 0.037500
0 0.006250 0.019531 0.012500 0.039062
0 0.006250 0.022656 0.012500 0.045312
0 0.004687 0.017969 0.009375 0.035156
0 0.005469 0.017188 0.010937 0.034375
0 0.004687 0.017188 0.009375 0.034375
0 0.007031 0.017188 0.014063 0.034375
0 0.007031 0.008594 0.014063 0.017188
0 0.008594 0.010156 0.017188 0.020313
0 0.010156 0.009375 0.020313 0.018750
0 0.008594 0.009375 0.017188 0.018750
0 0.012500 0.007031 0.024219 0.014063
0 0.009375 0.012500 0.018750 0.025000
0 0.010156 0.012500 0.019531 0.025000
0 0.010937 0.007031 0.021094 0.014063
0 0.007812 0.009375 0.015625 0.018750
0 0.007812 0.010156 0.015625 0.019531
0 0.003906 0.016406 0.007812 0.032813
0 0.002344 0.016406 0.004687 0.032813
0 0.004687 0.015625 0.009375 0.031250
0 0.014844 0.014063 0.029687 0.028125
0 0.006250 0.030469 0.012500 0.060937
0 0.011719 0.032031 0.023438 0.064062
0 0.007812 0.019531 0.014844 0.039062
0 0.007031 0.018750 0.014063 0.037500
0 0.007812 0.017188 0.014844 0.034375
0 0.010156 0.031250 0.020313 0.062500
0 0.007812 0.017188 0.015625 0.034375
0 0.009375 0.011719 0.018750 0.023438
0 0.007812 0.014844 0.015625 0.029687
0 0.010937 0.012500 0.021875 0.025000
0 0.011719 0.009375 0.023438 0.017969
0 0.022656 0.019531 0.045312 0.039062
0 0.008594 0.007812 0.017188 0.015625
0 0.007812 0.004687 0.015625 0.009375
0 0.010937 0.010156 0.021875 0.019531
0 0.018750 0.013281 0.036719 0.026562
0 0.008594 0.014063 0.017188 0.028125
0 0.008594 0.012500 0.017188 0.025000
0 0.008594 0.009375 0.016406 0.018750
0 0.008594 0.017188 0.016406 0.034375
0 0.005469 0.022656 0.010156 0.045312
0 0.004687 0.021094 0.009375 0.042188
0 0.005469 0.020313 0.010156 0.040625
0 0.005469 0.020313 0.010937 0.040625
0 0.005469 0.019531 0.010937 0.038281
0 0.003906 0.017969 0.007031 0.035156
0 0.006250 0.019531 0.011719 0.039062
0 0.003906 0.019531 0.007031 0.038281
0 0.010937 0.021875 0.021875 0.042969
0 0.006250 0.024219 0.012500 0.048438
0 0.006250 0.032031 0.012500 0.064062
0 0.010156 0.031250 0.019531 0.062500
0 0.004687 0.013281 0.009375 0.026562
0 0.004687 0.028906 0.009375 0.057813
0 0.005469 0.016406 0.010937 0.032031
0 0.008594 0.008594 0.016406 0.017188
0 0.007812 0.008594 0.015625 0.017188
0 0.010156 0.012500 0.020313 0.025000
0 0.009375 0.008594 0.018750 0.017188
0 0.011719 0.012500 0.023438 0.025000
0 0.007812 0.029687 0.014844 0.058594
0 0.010156 0.033594 0.019531 0.066406
0 0.007812 0.030469 0.014844 0.060156
0 0.007812 0.032031 0.015625 0.064062
