0 0.032031 0.035937 0.063281 0.071875
0 0.003906 0.027344 0.007812 0.054688
0 0.008594 0.028125 0.016406 0.056250
0 0.017969 0.024219 0.035937 0.048438
0 0.012500 0.024219 0.025000 0.048438
0 0.012500 0.025000 0.025000 0.049219
0 0.012500 0.026562 0.025000 0.053125
0 0.010937 0.023438 0.021875 0.046875
0 0.014063 0.026562 0.028125 0.052344
0 0.013281 0.023438 0.026562 0.046875
0 0.013281 0.024219 0.026562 0.048438
0 0.010937 0.025000 0.021875 0.050000
0 0.010156 0.029687 0.020313 0.059375
0 0.007812 0.028125 0.015625 0.056250
0 0.009375 0.030469 0.018750 0.060937
0 0.010156 0.030469 0.020313 0.060937
0 0.008594 0.029687 0.017188 0.059375
0 0.010937 0.029687 0.021875 0.059375
0 0.007031 0.030469 0.014063 0.060937
0 0.007812 0.031250 0.015625 0.062500
0 0.014063 0.024219 0.028125 0.048438
0 0.017969 0.022656 0.035937 0.045312
0 0.015625 0.025000 0.031250 0.050000
0 0.013281 0.021094 0.026562 0.042188
0 0.011719 0.021875 0.023438 0.042969
0 0.010156 0.016406 0.020313 0.032813
0 0.008594 0.013281 0.017188 0.026562
0 0.014063 0.016406 0.028125 0.032031
0 0.015625 0.021094 0.031250 0.042188
0 0.014844 0.021875 0.029687 0.042969
0 0.010156 0.019531 0.020313 0.039062
0 0.008594 0.019531 0.017188 0.039062
0 0.012500 0.023438 0.025000 0.046875
0 0.008594 0.019531 0.016406 0.039062
0 0.008594 0.021875 0.017188 0.042969
0 0.010156 0.024219 0.020313 0.048438
0 0.010937 0.024219 0.021875 0.048438
0 0.006250 0.023438 0.012500 0.046875
0 0.011719 0.020313 0.023438 0.040625
0 0.014844 0.025781 0.029687 0.051562
0 0.008594 0.032031 0.016406 0.064062
0 0.014063 0.021875 0.028125 0.043750
0 0.006250 0.007031 0.012500 0.014063
0 0.006250 0.026562 0.012500 0.052344
0 0.005469 0.032813 0.010937 0.065625
0 0.011719 0.033594 0.023438 0.066406
0 0.010156 0.025000 0.020313 0.049219
0 0.012500 0.027344 0.025000 0.054688
0 0.011719 0.032813 0.023438 0.065625
0 0.010156 0.032031 0.020313 0.063281
0 0.009375 0.033594 0.018750 0.067187
0 0.010937 0.032031 0.021875 0.064062
0 0.010156 0.034375 0.019531 0.067969
0 0.009375 0.029687 0.018750 0.058594
0 0.008594 0.028906 0.016406 0.057813
0 0.007031 0.029687 0.013281 0.059375
0 0.007812 0.029687 0.015625 0.059375
0 0.007031 0.031250 0.014063 0.062500
0 0.008594 0.030469 0.017188 0.060937
0 0.008594 0.029687 0.016406 0.058594
0 0.010937 0.030469 0.021875 0.060937
0 0.007812 0.032031 0.015625 0.063281
0 0.007812 0.028906 0.014844 0.057813
0 0.008594 0.028906 0.017188 0.057813
0 0.007812 0.028906 0.015625 0.057813
0 0.009375 0.028906 0.018750 0.057813
0 0.010156 0.038281 0.020313 0.076563
0 0.007031 0.036719 0.014063 0.073438
0 0.009375 0.036719 0.018750 0.073438
0 0.007812 0.035937 0.015625 0.071875
0 0.007031 0.033594 0.014063 0.067187
0 0.010156 0.035156 0.020313 0.070312
0 0.005469 0.035156 0.010156 0.069531
0 0.008594 0.033594 0.017188 0.067187
0 0.008594 0.032813 0.017188 0.064844
0 0.007812 0.032813 0.015625 0.065625
0 0.010156 0.032813 0.020313 0.065625
0 0.010156 0.032031 0.020313 0.064062
0 0.005469 0.028906 0.010937 0.057813
0 0.005469 0.010937 0.010937 0.021875
0 0.014844 0.025000 0.028906 0.049219
0 0.004687 0.010937 0.009375 0.021875
0 0.017969 0.035156 0.035937 0.069531
0 0.007812 0.032031 0.015625 0.064062
0 0.008594 0.034375 0.017188 0.068750
0 0.009375 0.034375 0.018750 0.067969
0 0.009375 0.035156 0.018750 0.070312
0 0.007031 0.035156 0.013281 0.070312
0 0.007031 0.027344 0.014063 0.053906
0 0.006250 0.033594 0.012500 0.066406
0 0.007031 0.028125 0.014063 0.056250
0 0.008594 0.037500 0.017188 0.075000
0 0.030469 0.035937 0.060937 0.071875
0 0.010937 0.035156 0.021875 0.070312
0 0.007812 0.033594 0.015625 0.067187
0 0.007031 0.016406 0.014063 0.032813
0 0.009375 0.035937 0.017969 0.071094
0 0.009375 0.010156 0.018750 0.019531
